ncols         80
nrows         80
xllcorner     190000
yllcorner     314000
cellsize      25
NODATA_value  -9999
5.52958 2.608395 0.7382192 0.4701117 0.758016 1.071972 1.483905 1.600778 0.886682 0.3618669 0.4535328 0.4077604 0.4027383 0.3185942 0.2153351 0.8117887 1.261982 1.025549 1.032143 1.238701 1.073502 0.2960841 0.641494 1.115657 4.205731 4.944046 5.302465 5.885824 2.373194 3.482024 6.335648 4.941096 3.697587 4.02421 3.807929 2.685884 3.862442 4.316332 2.588982 1.156834 4.275278 9.514223 8.642495 5.880992 5.591326 5.554074 5.499028 5.695966 6.62874 6.724716 6.125196 6.392885 7.297966 7.739002 7.266136 6.328875 5.424788 6.644946 9.571326 9.732799 8.05443 6.036234 4.567592 3.794697 3.111891 2.237072 3.284857 4.834143 3.778337 2.995455 2.61832 2.229678 1.848411 1.918973 2.577817 2.857721 2.561563 2.163826 1.888105 1.803653 
7.959621 5.408173 2.96684 1.499757 0.6574137 0.5712892 0.9114934 1.780123 1.41658 0.5294984 0.4753197 0.4749742 0.6523013 0.5990685 0.3240345 0.8192939 1.229977 0.494527 0.4960016 0.9895276 0.897927 0.879687 0.2483279 1.311644 3.814295 5.168472 4.398916 5.04878 3.813735 3.98466 6.661625 5.785954 4.147033 4.230653 3.929642 2.540733 2.957829 4.214736 3.479669 1.498274 1.58161 7.094712 10.44536 7.635043 5.696785 5.438803 5.334646 5.065349 5.684693 7.012172 7.624993 7.998097 7.944015 6.947874 5.844552 5.22777 6.643206 10.45616 10.73126 8.088329 6.015916 5.040602 4.589488 3.89673 3.150385 2.707706 2.472157 3.881094 4.429393 3.141413 2.746912 2.618094 1.997233 1.046014 0.7184477 1.029939 1.117493 1.142214 1.348972 1.578305 
8.601601 7.233506 4.862398 2.945464 1.223451 0.3676044 0.4892719 1.495908 1.738396 0.7995681 0.6636375 1.019411 1.259067 1.007927 0.7019843 0.3193147 1.229123 0.8861915 0.1417995 0.8969763 0.6989386 0.700053 0.4398088 1.280351 3.647922 5.093934 3.454466 3.381976 3.711543 3.32581 5.529418 6.097622 4.532816 4.717233 4.837653 3.10834 2.323371 3.636974 3.984551 2.361434 0.6382496 3.122085 9.210413 10.32564 6.925882 5.188843 4.986827 4.82431 4.95674 6.165752 7.552473 7.832923 6.770099 5.705009 5.142275 6.06112 10.24884 11.47391 9.064031 6.691598 5.369426 4.818356 4.476156 3.946876 3.476769 3.258673 2.533412 2.865378 3.711405 3.306427 2.962098 3.135339 2.675924 1.75589 1.213171 0.9125818 1.018864 1.411715 1.800651 2.017462 
7.455488 7.310557 5.914995 3.995377 1.86859 0.3461021 0.1749628 0.886534 1.44373 1.141689 0.7356806 0.7422098 0.3132429 0.3279866 0.6851372 0.3292602 1.054014 1.25116 0.2924025 0.6263885 0.7516569 0.5627944 0.7126108 1.068592 3.947355 6.310702 3.954006 3.108987 5.170516 2.837405 3.317095 5.535067 5.42261 5.622203 5.851072 3.983892 2.213693 2.953089 4.131186 3.335487 1.148923 0.621747 4.873263 10.41427 9.630709 5.943867 4.942088 5.111415 5.52826 5.992965 6.276862 5.976922 5.404774 4.382788 6.302122 11.11766 11.19847 9.155366 7.403557 6.058697 5.144413 4.697646 4.350569 3.964817 3.773784 3.648787 3.167626 2.766474 3.064775 2.885952 2.627493 3.258906 3.300964 2.58344 1.953176 1.855955 2.423377 2.963671 3.257579 3.268848 
6.50162 6.685179 6.702408 4.986554 2.208091 0.441615 0.1025737 0.5562239 0.7124726 0.7738702 0.5509915 0.1181181 0.4148435 0.1054148 0.7106622 0.8064243 0.8365473 1.367808 0.5522411 0.2793992 0.7036655 0.5434184 0.9359621 0.806007 3.750777 6.838683 3.734432 2.8867 5.60969 1.567264 1.207621 3.724014 5.228202 5.824575 5.614069 4.420796 2.652482 2.604112 3.845875 4.014118 1.989933 0.85942 1.619864 5.457935 10.21784 7.960704 5.272331 5.35039 5.92095 6.053494 5.170616 4.212986 4.155231 6.254989 11.29976 11.72246 7.777308 6.776471 6.292386 5.74181 5.24021 4.753051 4.514637 4.333117 4.173673 4.015613 3.609625 3.355202 3.940866 3.854365 3.311 3.860847 4.562458 4.706075 4.264949 3.826692 3.77776 3.534834 3.651623 4.001443 
6.200368 6.091436 7.205348 5.774457 2.379149 0.7853106 0.5149155 0.705331 0.3892681 0.2371021 0.6508278 0.6389435 0.3377011 0.4102884 0.6876118 1.036584 0.6809205 1.255093 0.6012288 0.1177702 0.5787811 0.557506 0.967257 1.133013 2.629103 4.875725 5.674489 6.055034 6.607691 2.63696 0.8372531 2.084654 5.865528 6.26524 4.461071 4.240947 3.205889 2.68955 3.256074 3.867591 2.819262 2.520055 2.743526 1.222271 5.955908 9.157068 6.256659 5.417591 5.687946 5.16741 4.545538 4.029849 7.319975 9.894973 9.829596 8.932613 6.004938 5.334293 5.704811 5.897372 5.640439 5.085402 4.76831 4.572644 4.402791 4.288849 4.074478 3.817938 4.929874 6.006096 5.28082 4.545258 5.013711 5.792872 6.070635 6.434563 6.842361 6.663648 6.634804 6.663816 
6.464489 6.045503 7.259556 6.074563 2.773837 1.28521 0.6305666 0.4214183 0.2103612 0.5297153 0.5996025 0.8630401 0.3605719 0.2543038 0.3557141 0.6570641 1.129903 1.014822 0.4241552 0.123219 0.35516 0.3539564 0.4511745 0.8942189 1.476305 2.166267 2.613063 5.087024 7.064085 4.821635 2.099823 1.825442 5.274247 6.484999 4.614615 4.223374 3.669562 3.232618 2.857603 3.240173 3.337737 3.677101 4.609946 0.2900353 1.163297 7.160017 7.152659 5.605107 4.94592 4.564126 4.445826 6.90371 10.55627 8.487417 6.291589 7.89268 6.96742 4.670481 5.405852 6.313793 6.293248 5.757324 5.17467 4.644344 4.37313 4.347597 4.261047 3.730869 4.129357 5.582061 6.385953 5.86871 5.958014 6.824231 7.854699 8.847605 9.342708 9.270582 9.374992 10.04429 
6.722562 6.268 7.158109 6.438725 3.683382 1.829438 0.7995476 0.4221577 0.735781 0.7603397 0.6961154 0.9889803 0.8974884 0.284666 0.1503943 0.6745643 0.8814107 0.4221577 0.1784461 0.1499023 0.2063037 0.1920897 0.1125682 0.5615099 1.062904 1.862193 1.804706 3.785476 5.398051 5.19633 4.685145 2.427593 2.831607 5.605425 6.269496 4.964105 3.884791 3.606686 2.627091 2.501507 3.17477 3.054222 5.450921 4.801387 3.363614 4.31791 6.195394 4.796864 3.077645 3.676284 5.74831 9.419192 9.796851 6.430916 4.529022 6.223794 8.013261 6.250898 5.709691 6.698996 7.025835 6.579571 5.677584 4.720758 4.139997 4.051398 4.181462 3.866866 3.57591 4.172707 5.998768 7.484572 8.567289 9.328485 9.77693 9.827772 9.332937 8.707824 7.926883 8.489084 
6.846661 6.89388 7.829546 7.395861 4.833771 2.462152 0.9315691 0.4273164 0.8021806 1.023106 0.9711761 1.24885 1.592068 0.9096914 0.4165806 0.9294266 0.2733414 0.2698362 0.1251357 0.09731843 0.1653651 0.266562 0.2105562 0.409267 1.114354 1.413381 1.0555 3.677125 4.193385 4.069707 6.212376 3.939281 2.889096 4.88207 7.641338 7.002798 4.998724 4.216584 2.870467 2.23769 2.896552 2.420822 3.348085 5.124108 3.845129 2.918718 4.471102 4.591637 4.092149 5.98723 7.290022 7.69324 7.693766 6.099523 4.241053 4.229925 6.62327 7.660159 6.693073 6.577395 7.187313 6.93939 5.8478 4.774493 3.944435 3.702783 4.079247 4.477894 4.880712 5.42967 6.813243 8.624697 9.574464 9.648989 9.581546 9.462377 8.926648 8.678829 8.181305 7.787344 
7.344623 7.715289 8.903913 8.785495 5.995294 3.228877 1.172267 0.2865338 0.7342628 0.9964591 0.5767359 0.9824888 1.799194 1.526789 0.4215157 0.645981 0.2604578 0.166552 0.07075503 0.1370912 0.2074146 0.26093 0.2512193 0.3297583 0.9351993 1.119583 0.6372846 3.687747 3.390357 2.758513 5.676006 4.792504 4.72438 4.912043 7.207596 8.640836 7.76055 5.780896 3.499281 2.93911 3.238266 3.295685 3.460454 4.082049 4.165807 2.064573 2.77266 4.712882 6.189769 7.414186 7.231527 6.053657 6.332992 6.140158 4.768487 4.410127 5.650399 7.403795 7.485582 6.77991 6.951513 6.782373 5.878951 5.026815 4.156322 3.760257 4.054405 4.639098 5.583942 6.955753 8.387971 9.061911 9.011239 8.937403 9.007315 8.953077 8.614949 9.051511 9.535197 9.604775 
7.504591 7.793036 9.473495 10.13825 7.381413 4.00389 1.676722 0.3647132 0.6339669 0.9591399 0.3735175 0.4926316 1.505829 1.214468 0.306757 0.6332934 0.3753804 0.2357135 0.2573833 0.1404621 0.2809808 0.128117 0.3525625 0.5319722 1.030457 1.126544 0.8353204 3.259508 2.71826 2.698198 5.092883 3.98728 2.412569 3.00941 4.519107 6.220448 8.479455 7.245906 3.800678 3.83268 4.58604 4.570732 3.513313 3.254977 4.678557 2.63507 1.490857 3.316986 6.176066 8.698559 9.239172 6.854724 5.93679 6.50023 6.013271 6.131368 6.126715 6.789854 8.008945 7.782512 6.897626 6.513503 5.853508 5.401428 4.746977 4.373175 4.551624 5.31099 6.815342 8.31276 9.12967 9.362406 9.502223 9.582596 9.593936 9.359756 8.635681 8.580606 8.570164 9.052965 
7.550606 7.448279 9.165646 10.60864 9.013972 5.060677 2.165404 0.4474119 0.7593894 0.6080282 0.5081134 1.415816 1.628415 0.68467 0.3799221 0.7894892 0.5030493 0.3776472 0.2076914 0.2758816 0.3746582 0.4546353 0.7236143 1.510022 1.70927 1.305979 0.8431512 1.660618 2.533907 2.376101 3.785526 3.639025 2.177668 2.348457 3.379366 3.637208 6.600099 7.332166 5.027736 4.090388 3.775743 3.428777 2.491306 2.657435 5.000884 4.261558 1.384043 1.801202 4.105616 6.889687 10.05935 10.02917 7.558697 6.761086 6.452551 5.32619 5.090707 6.26084 7.827138 7.934529 6.878712 6.387509 5.763779 5.556301 5.339787 5.122378 5.577857 6.99941 8.368217 9.007512 9.406272 9.725398 9.935493 10.29246 10.61828 10.11438 9.128712 8.714378 8.4468 9.629064 
8.108553 7.70744 8.647132 10.11808 10.43845 6.602233 2.518772 0.5817086 0.7881578 0.6051468 0.8426061 1.159122 0.7447701 0.1385797 0.465921 0.6523642 0.0366872 0.492615 0.3378226 0.4451686 0.5219907 0.4394355 0.9447303 1.015993 0.388128 0.5522411 0.6395596 0.8133538 1.36151 2.149606 3.87706 4.698901 2.684381 2.098074 3.781659 4.027985 3.779166 4.571804 4.178645 2.592166 2.164209 2.561869 3.026803 3.356347 5.377441 5.596397 2.234643 1.05438 2.892098 4.797137 5.594218 8.303241 9.340374 6.953773 5.750444 5.289766 5.167471 6.177012 7.083443 7.287025 6.687513 6.677912 6.119555 5.356692 5.420726 5.894753 7.013658 8.160242 8.852671 9.449215 9.824571 9.685266 9.403131 9.51101 9.637905 9.27546 9.574461 10.00203 10.56209 11.37595 
8.776446 7.91134 8.141788 9.66061 11.70023 8.034602 2.538928 0.7956488 0.4385194 0.5970927 0.2153351 1.045159 0.8881151 0.3370444 0.3115617 0.4642271 0.2147627 0.2181748 0.3970538 0.3204691 0.114089 0.2206063 1.056735 0.65249 1.28639 1.428134 1.298876 1.213901 1.391277 2.439167 4.12128 5.273979 3.612555 2.43296 4.484435 4.205076 1.785199 2.17166 3.716397 2.731391 2.1463 2.975298 3.161052 3.145075 5.010723 5.920344 3.12038 0.8044786 1.971478 5.519116 4.277455 2.414964 7.247321 8.690123 7.052915 6.594422 6.158393 5.949292 6.228927 6.507374 6.100188 6.46054 6.733044 5.920497 5.709098 6.737808 7.87773 8.38847 9.10871 9.683984 9.543622 8.945822 8.414396 8.18217 7.854164 7.927703 8.953839 9.543439 9.571081 8.635103 
9.786805 8.367908 8.124654 10.21832 13.051 8.847572 2.561371 1.069214 0.3336181 0.8353302 1.053446 1.102119 1.112903 0.6067718 0.3508826 0.2355394 0.246037 0.3767987 0.3955629 0.399033 0.4304735 0.3730118 0.9996155 0.4478702 0.6977636 0.6605515 0.7056567 0.8660673 1.264935 2.214048 3.375825 5.035853 4.906978 3.968961 4.781763 3.819378 1.892783 2.131589 3.999562 3.764987 3.081447 2.658482 2.538567 3.502101 4.961346 5.615141 3.532413 0.9837321 1.83957 5.28697 4.647985 0.5593135 1.785736 6.356595 9.28323 9.834937 8.086907 5.658541 5.463293 5.609511 5.281988 5.926167 7.941196 10.17454 10.14597 8.730351 8.07323 8.420183 9.203491 9.249547 8.640439 7.793106 7.088437 6.40821 5.559554 5.650941 6.274387 5.993027 4.915373 3.459114 
10.94925 10.05463 9.349968 11.86129 14.68933 9.778868 2.936203 1.280767 0.5874218 1.141581 0.6772472 0.8913885 0.5221636 0.5598561 0.629003 0.2499092 0.2483279 0.2688917 0.2329115 0.1483614 0.1358886 0.5876593 0.7817187 0.5528945 0.4319009 0.1677304 0.1522383 0.3753585 0.9736733 2.015788 2.657312 3.800995 4.750697 4.753458 4.760679 4.104685 2.674918 2.252719 3.520167 3.720497 2.913526 2.511361 2.868639 3.896167 4.827883 5.082886 3.815822 1.778156 2.321692 3.774214 4.036241 3.135193 0.9613954 1.197739 4.735789 11.0785 13.12624 9.448759 6.037552 5.062332 4.955821 5.52808 6.981622 8.508425 9.101208 8.106146 7.879233 8.50967 8.932209 8.554904 7.550511 6.359124 5.316401 4.078142 2.793926 2.84958 3.300897 3.247149 3.238004 3.831677 
12.07491 11.86492 11.25846 13.60792 16.77983 11.85852 3.897138 1.564159 0.8008806 1.222526 0.07179137 0.9085363 0.316449 0.3549751 0.3853908 0.6683931 0.1137287 0.1805038 0.1863648 0.08203501 0.1012855 0.8025078 0.4123832 0.5775605 0.1452307 0.1855262 0.154007 0.2129205 0.6977636 1.839642 2.526566 3.057938 3.850512 4.669329 5.05733 4.770767 3.756809 2.58184 2.825786 2.835813 1.960713 2.910209 3.46668 3.680655 4.21737 4.506955 4.178037 3.233652 3.270717 3.921958 4.07162 3.900728 3.443858 2.700408 3.373622 2.17951 10.24771 15.39465 13.32478 8.614022 5.447562 4.394996 3.641427 2.821629 4.071278 5.846778 7.615548 8.592674 8.586084 7.720265 6.056969 3.901798 2.372963 2.741912 3.395133 3.93541 4.511463 5.211807 6.058666 6.971888 
13.67599 12.54995 12.35408 14.60569 18.6614 14.94394 5.992238 2.591156 1.682672 1.413294 1.117119 0.7276399 0.2174212 0.5277597 0.5696782 0.5147561 0.1692404 0.2270593 0.1806856 0.1551221 0.1742578 0.9191658 0.2224954 0.6178281 0.2035806 0.2949455 0.3411345 0.3916222 0.7673861 1.490373 2.229381 2.64853 2.897184 3.958238 4.99632 5.110991 4.818321 3.658379 2.984469 3.171525 2.356602 3.043699 3.581296 3.077783 3.547477 4.002016 4.259487 4.215082 3.788146 3.444166 3.28193 3.437969 4.239723 4.7694 3.741977 5.037472 3.546955 5.689702 14.48075 16.34204 11.99895 6.601671 4.067766 4.093161 5.170671 6.544718 7.973689 8.710916 8.200639 6.651793 3.646003 3.180463 5.595528 6.590176 6.556421 6.461393 6.896291 7.720723 8.0158 7.673494 
15.53985 12.97144 12.26481 14.43751 19.64859 18.36623 9.764792 4.638646 2.41226 1.426525 1.722365 0.926518 0.6666722 0.1765039 0.2765056 0.1076489 0.1507758 0.1719823 0.1527227 0.168852 0.2176098 0.9615405 0.1503943 0.7481118 0.2987331 0.1904593 0.2040236 0.2210893 0.5537843 1.102692 1.77121 2.284452 2.1924 2.540759 3.618252 4.224098 4.588983 4.63684 4.070168 3.913481 2.962346 2.889461 3.436793 2.665279 2.815484 3.441303 3.723514 3.871919 3.653699 3.178406 3.117371 3.634569 4.355895 4.883227 4.77367 2.519623 3.892074 6.223011 1.114737 9.108163 15.52183 14.79062 10.09583 6.740844 6.523957 7.73077 8.820346 8.583765 7.004412 4.15964 4.230266 7.531899 8.126478 7.517335 7.081067 7.31556 7.797078 7.654186 6.576021 5.155658 
15.0748 13.11294 11.56173 12.32296 17.72528 20.15416 15.22385 8.889775 3.978688 2.059953 1.810977 1.115532 1.034723 0.3727477 0.3038809 0.2373789 0.2362352 0.215982 0.2670849 0.3569348 0.4301493 0.8691879 0.2709894 0.8585508 0.288361 0.308145 0.2332284 0.1397004 0.4241358 0.8168567 1.226484 1.746919 1.986055 1.904437 2.118765 2.652713 3.66672 4.799651 4.921663 4.257174 3.523914 3.280297 3.608618 2.762727 1.898701 2.432549 2.947834 3.387737 3.685896 3.602863 3.440493 3.654546 4.023027 4.298824 4.496477 4.631721 3.384946 0.9908698 5.655019 5.280052 1.887558 10.20113 13.9675 12.59626 10.37391 9.810352 9.088915 7.210918 4.373644 4.084477 8.03471 9.437232 7.832048 5.966439 5.238413 5.356571 4.998968 4.131304 3.48435 2.598618 
12.53793 11.44279 10.17215 9.739368 12.50232 16.66204 17.54104 14.75048 8.986731 4.070765 1.995936 1.187146 1.133006 0.5053604 0.3090226 0.2708077 0.3272602 0.3316444 0.4202483 0.453768 0.4748187 0.6977989 0.5274332 0.8402366 0.2977701 0.2355394 0.1640697 0.3856463 0.5564599 0.6555763 0.872429 1.274315 1.919353 2.116114 1.877939 1.863055 2.861685 4.57208 5.409637 4.640876 4.258138 4.180345 4.30752 3.603098 1.857791 1.926746 2.813662 3.343326 3.576097 3.836309 3.724399 3.435982 3.563314 3.857979 4.097166 4.315772 4.497252 4.06686 2.348126 1.798834 4.490777 2.780344 3.653098 9.09564 10.69745 9.470387 6.858481 4.095405 3.503712 7.516952 9.978306 8.937571 6.048279 3.87851 3.234205 3.433519 3.032226 2.613642 2.819575 3.257499 
12.12919 10.52133 9.227195 8.789317 8.682978 9.886769 12.39463 14.1605 11.8184 6.64374 2.786126 1.313362 1.160459 0.677768 0.2844642 0.2357135 0.295779 0.3085442 0.3512566 0.2526526 0.3849647 0.7150592 0.7860521 1.090973 0.5019878 0.3390109 0.3163712 0.06545272 0.5879245 0.8031517 0.9271907 1.022625 1.619986 2.095281 1.994683 1.704718 2.136062 3.753686 4.988201 4.794281 4.487716 4.393805 4.608757 4.271158 2.451258 2.029662 2.978954 3.258159 3.151327 3.709979 3.947204 3.339245 3.28267 3.667114 3.95494 4.109632 4.284146 4.326051 4.687636 5.338247 4.663636 3.358123 3.041711 3.058438 4.777884 4.962703 3.971565 3.209255 6.098008 9.688283 9.780016 6.826963 4.431673 3.204507 3.21545 4.271149 4.637677 4.455442 5.377921 6.826114 
11.10596 9.444199 9.048205 9.029027 8.218102 8.02979 10.04392 12.13396 10.68312 7.132749 3.586836 1.520185 1.083299 0.6943687 0.3364839 0.1975658 0.2390326 0.3039619 0.2407091 0.1166499 0.5394475 0.9294972 0.8227715 1.275344 0.9245856 0.5859252 0.6000813 0.6577132 0.2448668 0.4213404 0.7956488 0.7931287 1.156962 1.700351 1.891332 1.981697 2.220358 3.189759 4.093912 4.191908 4.223 4.079754 4.531611 4.615802 3.179699 2.347965 2.79014 3.064006 2.820967 3.432003 4.105307 3.526939 3.209672 3.537113 3.874352 4.072659 4.303506 4.577197 4.894668 5.71221 7.157575 8.171006 7.454451 5.191378 3.003397 2.186066 2.490139 3.162471 5.244795 10.34257 13.20581 11.83859 8.543311 5.132487 3.465193 4.405603 5.942649 6.420138 7.459275 9.126165 
10.32912 10.01064 10.33956 9.734778 8.781053 9.630563 12.03006 11.70575 8.297215 5.973658 3.727772 1.890599 1.176088 0.5778588 0.2765056 0.1834354 0.2246246 0.2677907 0.1358886 0.1361903 0.7719382 0.8915082 0.1358886 0.6660319 0.5432976 0.2421707 0.1468044 0.3357025 0.5454983 0.3205459 0.6613585 0.6595446 0.8498197 1.263716 1.453963 1.592129 2.201047 3.334965 4.060691 4.236278 4.498828 3.966435 4.12896 4.915244 4.201833 2.793332 2.457186 2.806115 2.917257 3.377197 4.088158 3.711283 3.168763 3.389542 3.866083 4.261777 4.735798 5.345026 5.920639 6.58716 6.934894 6.465125 5.261138 3.843715 2.607328 2.341473 5.02404 6.59183 5.611319 1.764124 7.976476 15.20827 18.21976 16.48044 12.45944 9.909974 8.77911 8.497502 9.134723 9.309688 
11.12966 11.50014 11.12802 9.963125 9.859914 11.3566 11.66931 8.149243 5.425726 5.098027 3.519555 2.155018 1.25459 0.4984936 0.1580051 0.1141609 0.1685115 0.2134979 0.08153327 0.1685115 0.909511 0.4842141 0.4890035 0.3191347 0.3834268 0.4076597 0.1975658 0.04474942 0.266839 0.1304657 0.5074346 0.6864892 0.8623934 1.080539 1.04563 0.5754539 0.8953742 2.571624 4.002578 4.578278 4.94864 4.465456 3.826203 4.354783 5.056125 3.941653 2.545262 2.399372 2.76095 3.227791 3.780744 3.80508 3.403815 3.655888 4.448039 5.130701 5.676717 6.189825 6.62721 6.541539 5.557476 4.40368 3.423999 2.526566 2.067777 4.017405 7.527829 7.924748 6.974728 9.132467 9.080129 3.632224 5.603603 14.05935 17.53907 16.91394 14.13222 10.43071 8.758163 8.167368 
11.65902 11.58298 11.30442 10.51905 9.548251 8.146706 5.760365 6.520277 7.98169 6.837323 3.611341 2.17565 1.134438 0.4956044 0.1501212 0.09630115 0.1398765 0.1948891 0.1218123 0.1995087 0.9570163 0.1022532 0.5311386 0.2409817 0.2698666 0.5614222 0.5563124 0.3371417 0.2975219 0.2523601 0.3920411 0.7474644 1.184684 1.322026 1.099713 0.7303412 0.531463 1.169605 2.990141 4.506928 5.106236 5.002319 4.21582 3.22089 4.488469 5.063713 3.370543 2.301257 2.458039 3.137414 3.53241 3.899559 3.904826 4.42365 5.406451 6.061093 6.222999 6.06222 5.556301 4.715173 3.667613 2.776466 2.721211 3.371064 3.932101 5.878643 7.456788 6.376627 4.33058 1.383048 3.890764 8.375299 9.392552 5.124434 1.361679 7.526428 12.88505 13.94996 11.36598 9.867146 
11.40548 10.80773 8.463214 5.041709 3.451938 5.833283 9.594116 11.85758 13.88634 12.64516 5.723553 2.008719 0.9386318 0.454942 0.1447779 0.2391699 0.2645843 0.2131516 0.1512648 0.2185131 0.9860311 0.1988907 0.6326842 0.1976904 0.3130857 0.02864789 0.390993 0.3706281 0.4024121 0.3524694 0.3830199 0.3731878 1.349094 1.550338 1.068753 0.6465396 0.206582 0.5135591 1.746755 3.757476 4.842257 4.949033 4.656505 2.915398 2.964394 4.784883 4.389427 2.876345 2.58054 3.213215 3.548644 4.216841 4.792519 5.097752 5.23759 5.357357 5.286386 4.801379 3.892256 2.741808 2.084677 3.049474 4.522712 5.210087 5.227705 5.27811 4.920621 4.502483 4.597035 4.829669 4.830503 4.496586 2.794995 4.016717 5.74595 4.299292 1.618279 7.13861 10.40123 10.70974 
7.567358 4.906859 3.395319 6.234808 9.77906 12.33148 12.62595 11.54134 14.72622 17.98112 10.61111 2.191484 0.7845894 0.3213642 0.210712 0.2741808 0.2736115 0.3333966 0.3543503 0.4431547 0.9756513 0.2337205 0.5877011 0.2973287 0.1696763 0.2180243 0.2639321 0.2026108 0.2350162 0.2703527 0.3901526 0.2535605 0.6839865 1.863068 1.607998 1.220108 0.8465695 0.5268104 1.120425 3.190541 4.571026 4.550762 4.627027 3.337174 2.087419 3.617216 4.44967 3.383075 3.015564 3.524308 4.036663 4.792999 5.245191 4.841085 4.083016 3.563928 3.31124 2.968989 2.283825 2.256294 3.92599 5.189138 5.239193 4.335377 3.447136 3.323077 3.626142 4.26356 5.147846 6.478278 7.289573 7.041485 6.397531 5.588922 4.670496 3.88306 3.681427 3.431406 6.216914 9.505756 
3.983348 7.124282 9.504658 11.2162 13.16811 14.48661 13.62816 11.75145 13.31473 19.48413 14.97835 3.747015 0.7003928 0.1945098 0.2357135 0.2728907 0.3485123 0.4273164 0.4326034 0.7179794 0.8740356 0.2800153 0.322002 0.3512566 0.184506 0.2654205 0.07470451 0.2391699 0.2319228 0.3215939 0.3696526 0.5120869 0.7750886 1.010658 1.844611 1.150407 1.183139 0.5837926 0.6875402 2.799107 4.480911 4.199071 4.189779 3.656807 2.164996 2.787169 3.641713 3.421489 3.26055 3.298411 3.26876 3.533621 3.627103 3.2694 2.898988 2.3462 1.840497 2.207026 3.144285 4.373996 5.158213 4.615123 3.311417 2.482394 2.793373 3.715976 4.761475 6.058692 6.671619 6.385791 5.994936 5.590063 6.019745 7.457398 8.525744 9.07291 9.86645 10.66888 11.44824 12.77657 
9.01146 10.63756 12.82946 14.87192 15.78158 15.2745 14.05508 14.12955 14.57607 19.2076 17.17714 7.170476 1.944447 0.6463366 0.3720425 0.3679614 0.4048316 0.3011409 0.2755245 0.8990958 0.6587603 0.579886 0.2439265 0.2849829 0.2869631 0.2410838 0.1946363 0.283018 0.3700963 0.4389122 0.4063693 0.4112673 1.054077 1.161441 2.202133 1.381766 0.7500944 0.4475769 0.5202428 2.415652 4.535628 4.007633 3.428336 3.39881 2.42212 2.490977 2.814325 3.24433 3.231587 2.641351 1.410338 1.271809 1.627594 1.725404 1.85337 2.140127 2.271596 2.932664 4.38081 4.893318 4.069545 2.735055 2.195562 2.627727 3.469244 4.90721 6.042256 6.112671 5.663062 4.80844 4.547492 5.963242 8.529063 10.60602 11.44821 11.67104 12.39535 13.28242 13.58309 13.10303 
11.49563 13.48324 15.57143 16.98527 17.22963 15.46491 14.22834 16.38785 16.37732 18.03039 17.80804 11.60372 5.925589 3.490766 2.100806 0.9389027 0.2974116 0.2043853 0.4471367 1.124751 0.4478152 0.732271 0.2461037 0.2798101 0.3611405 0.5000222 0.209109 0.1522383 0.2937186 0.3779947 0.3973844 0.2736415 0.3924804 1.18064 1.779594 1.070249 0.2721981 0.4823122 0.7219 2.327794 4.585907 3.910545 2.795074 2.72578 2.245301 2.389109 2.101262 2.109791 2.761788 3.041143 1.449353 0.2591943 0.920058 1.949951 3.05015 3.906545 3.600939 3.419734 4.132843 3.991799 2.748865 2.219306 2.62399 3.824559 5.120375 5.676043 5.344928 4.75358 4.788432 5.647178 6.609385 8.333443 11.38084 13.51327 14.01827 13.33714 12.42879 11.59546 10.05125 7.942529 
13.59507 15.47077 17.36744 18.32693 17.55812 14.76216 15.56225 18.12001 16.85274 15.85076 16.36915 14.49133 10.38451 7.39105 5.384534 3.356765 1.41998 0.562138 0.9312256 1.252077 0.5469406 0.8283469 0.3639022 0.3166564 0.4254109 0.3725936 0.3805048 0.2464702 0.2398894 0.3241104 0.3758174 0.3812805 0.2484601 0.8102307 1.100667 0.8699993 0.7586976 0.6201745 1.068538 2.409125 4.460975 3.845451 2.449243 2.176381 1.910645 2.293468 1.904437 1.08236 1.983371 3.196074 2.472584 0.7429169 1.454216 2.97902 3.486147 3.390198 2.670095 2.256668 2.553142 2.744838 2.624691 3.389503 4.699152 5.645496 5.814151 5.250984 4.888318 5.313056 6.005783 6.742137 7.912018 10.55357 13.09622 12.6504 11.44279 10.74913 9.385592 7.664618 5.98562 4.858145 
15.6362 17.05531 18.2278 17.78757 15.43857 13.8179 17.94686 19.67827 16.96306 14.21001 13.44382 13.1745 11.48567 9.556317 7.902195 5.802218 2.910611 0.8471896 1.100496 0.9585239 0.6547748 0.9019474 0.3547901 0.4297103 0.3431254 0.433513 0.6635262 0.5901117 0.3252479 0.3724173 0.4213404 0.3873237 0.4217493 0.3534227 0.8041318 0.7778361 0.5885662 0.8598495 1.325149 2.188241 4.028857 3.923731 2.483917 1.948135 1.526816 1.89823 1.884212 0.8923452 1.192 2.637041 3.04245 1.621796 1.623464 2.822605 2.777382 2.617522 2.513436 2.240847 2.371859 3.292507 4.196328 4.750007 5.004599 5.165927 5.148453 5.226495 5.562148 5.974014 6.659717 7.607619 9.16241 11.25997 11.0371 7.850307 5.790747 5.737086 5.845453 5.545021 4.937093 4.186218 
16.32247 16.89267 17.18247 15.13478 12.29038 13.94425 19.78053 20.58245 16.89291 13.843 11.86947 10.5859 9.832531 9.09067 8.846762 7.719565 4.211833 0.831471 0.773393 0.6448622 0.6580499 0.8620794 0.2344568 0.6101299 0.1563867 0.6593081 0.3841111 0.0894988 0.1454565 0.293523 0.3532834 0.1160149 0.167044 0.2417297 0.3755771 0.494527 0.582047 0.9927639 1.434528 1.812917 3.162812 3.843921 3.01975 2.37835 1.871009 1.770423 1.565212 1.040565 1.348972 2.587429 2.654206 1.906673 2.041202 2.518821 2.482652 2.502338 2.723691 2.996503 3.470579 4.073726 3.947204 3.432003 3.630783 4.607701 5.074584 5.296624 5.71716 6.523469 7.631327 8.632444 9.491948 9.444615 7.114607 4.409152 3.678446 3.874598 4.180883 4.163727 3.375 2.220446 
16.38605 15.37461 13.8863 10.62154 9.18775 14.19484 20.52802 20.98123 16.88063 13.75925 11.63156 9.658947 8.406177 7.685347 9.048976 9.408157 5.604569 1.594764 0.6372975 0.7034672 0.7513185 0.7088703 0.3115353 0.7031522 0.3805911 0.46187 0.4011048 0.210712 0.1191558 0.0975711 0.3210576 0.2733414 0.2016364 0.1673385 0.3371417 0.4497718 0.586667 1.052457 1.546313 1.630086 2.160606 3.021255 3.206095 3.082972 2.318223 1.598071 1.48925 1.389372 2.146265 2.981983 2.113752 1.595586 2.047902 2.37365 2.470838 2.548672 2.772172 3.186255 3.251583 2.796537 2.462661 2.777542 4.136549 5.227377 5.1608 5.351685 5.885956 6.812287 7.665048 7.884229 7.496172 6.403542 4.791945 3.773324 3.297083 2.795764 2.290328 1.448538 0.4687131 0.07075503 
14.40718 12.86271 10.27037 6.817225 7.252503 13.89927 20.26049 20.88966 17.19151 13.6603 11.36893 9.57526 8.347733 7.291986 8.758262 10.40786 7.191739 2.514654 0.7512639 0.6074206 0.9082563 0.5419214 0.517586 0.8730964 1.122218 0.8470637 0.5194851 0.113512 0.5447456 0.413099 0.2157539 0.1598127 0.3221294 0.3025276 0.253269 0.2811852 0.6331509 1.12677 1.434339 1.503143 1.763804 2.419699 3.147146 3.225778 2.476197 1.828407 1.474526 1.066702 2.244174 3.658584 2.348907 1.339865 1.75589 2.17623 2.388217 2.56362 2.902543 2.956991 2.583 2.452927 2.907903 3.793258 4.771433 5.240267 4.831393 4.960515 5.74905 6.516776 6.461427 5.877618 5.367126 4.745826 3.770111 2.567177 1.354414 0.5506191 0.216096 0.4777478 0.4676615 0.2193752 
10.27271 10.00104 7.985659 5.440132 6.807052 13.61732 19.67535 20.44639 17.58301 14.0346 11.49638 9.679987 8.707585 7.796519 8.16427 10.57926 9.320677 3.891097 0.4927649 0.223746 0.8929059 0.4113471 0.5590934 0.4680298 0.9405789 0.188336 0.276743 0.3250459 0.8692068 0.5372372 0.5517505 0.3812805 0.371866 0.3423592 0.1582127 0.2001247 0.6359571 1.032207 1.224631 1.434116 1.760715 2.284757 3.034339 3.190426 2.802519 2.486727 2.240481 1.576356 1.781449 3.827178 3.194105 1.388722 1.484839 1.982127 2.358787 2.644408 2.889892 2.752839 2.822429 3.32761 3.849418 4.530811 5.296171 5.193361 4.383835 4.625947 5.873784 6.324115 5.575327 4.656358 3.944631 3.001523 1.623701 0.560032 0.4189379 0.3495469 0.4930812 0.7975131 0.8970494 1.542496 
5.549311 5.529821 5.175258 4.929674 6.688617 13.168 19.09953 19.96614 17.7249 14.75199 12.40924 10.5465 9.063526 8.446053 7.906085 10.26887 10.95783 5.25948 0.902293 0.3764283 0.8539515 0.2204946 0.5000715 0.3868361 0.7127374 0.2520998 0.2834815 1.182875 0.9560815 0.5496196 0.5214244 0.4231479 0.4107682 0.3616855 0.2347366 0.3000489 0.5634794 0.7936251 0.970035 1.201104 1.541071 2.083219 2.834033 3.546996 3.890185 3.968737 3.911763 3.434054 2.682164 3.872391 3.844193 1.860621 1.501309 1.835293 2.180464 2.386859 2.700892 3.121302 3.560134 4.101753 4.763451 5.490016 5.598886 4.87177 4.444509 5.026101 5.251016 4.325712 3.327549 2.532281 1.643773 0.7413802 0.4509926 0.8353302 1.323582 1.156742 0.7094257 1.139337 1.180251 3.208122 
2.605397 2.269392 2.74541 4.049333 6.191569 11.96947 18.14306 19.87641 18.36691 15.77887 13.46986 11.88831 9.635841 8.770458 8.163143 11.41401 12.12384 4.745595 1.176799 0.9450428 0.9662642 0.1834354 0.4267784 0.4846037 0.6403034 0.7884389 0.9548193 1.028313 0.3139495 0.3045284 0.4766472 0.483875 0.474715 0.5017916 0.4347039 0.4307403 0.4842141 0.5372525 0.7543158 1.026109 1.315733 1.764844 2.327934 3.122179 4.012123 4.622444 4.748389 4.281573 3.412336 4.079982 4.109189 2.634756 2.094358 2.134355 2.197337 2.324273 2.855392 3.547275 4.084836 4.629416 5.087201 5.356924 5.307483 5.090719 4.860313 4.282341 2.957199 1.45262 0.8719304 0.7316545 0.4983784 0.3830842 0.4623673 0.283018 0.08848435 1.066287 2.795281 4.291934 5.242179 5.907176 
1.632498 1.35293 1.459979 2.813781 5.166531 9.91785 16.21403 19.84554 19.77122 17.22113 14.4275 12.94705 10.6447 9.181067 8.940151 14.61146 14.04685 3.760528 1.182161 1.492352 1.126508 0.2576701 0.3100566 0.3392771 0.5815393 0.5414972 0.2512193 0.5099673 0.2843198 0.2409135 0.3036378 0.4732434 0.5891097 0.5255004 0.4087654 0.3235022 0.3011409 0.3221294 0.4982466 0.726195 0.9440353 1.144767 1.328857 1.621174 2.065113 2.697072 3.609233 3.967776 3.444007 3.881409 4.071966 3.283294 2.685662 2.448197 2.527622 2.912333 3.412747 3.830606 4.212599 4.6551 5.121209 5.36329 5.081491 4.420577 3.41718 2.184101 1.143936 0.5070625 0.5226035 0.7325623 0.6088374 0.2357135 0.3589523 0.9081841 1.389454 2.782295 4.892208 5.2867 5.140909 5.656151 
0.8871261 0.5013989 0.7734672 1.946574 3.532135 7.091222 12.71787 18.19856 20.55264 18.82974 15.8772 14.3081 12.51079 10.14695 9.36447 16.68728 17.6615 5.977608 1.260206 1.899939 1.255459 0.3102418 0.2219415 0.2015142 0.415476 0.5273709 0.4667481 0.6103316 0.6811976 0.4669415 0.3129022 0.03340889 0.3574861 0.2482287 0.2098143 0.09664143 0.1765039 0.26093 0.312272 0.4217493 0.5506936 0.6247357 0.6522887 0.6460953 0.6708562 1.188934 2.349695 3.533751 3.446918 3.284807 3.430227 2.893874 2.109309 2.137887 2.802898 3.192892 3.462767 3.914864 4.640215 5.133916 5.104961 4.495136 3.351728 2.077738 1.157742 0.6799437 0.2979354 0.1742578 0.2417976 0.5852947 0.6742601 0.4229151 0.8135151 1.403571 2.029113 4.258322 5.718521 4.923083 3.603262 3.108642 
0.8253403 0.3138449 0.6974343 1.614298 2.269089 4.563079 8.982264 15.13981 20.03124 20.66464 18.48561 16.0275 14.2095 11.63461 9.425624 15.38053 21.05101 11.99945 2.498236 2.09566 1.396219 0.497983 0.4005111 0.2665928 0.2517089 0.3397846 0.6308138 0.6288856 0.4125623 0.1452307 0.6646259 0.4220605 0.7577345 0.05843044 0.146132 0.02464385 0.1799574 0.2652039 0.2234524 0.3428622 0.4350247 0.4130394 0.3996906 0.3959776 0.5277597 0.9448692 1.767875 3.167099 3.260367 2.79635 3.270805 3.278862 2.557735 2.943547 3.319005 3.314283 3.950837 4.318347 4.414379 4.008807 3.068485 1.940498 1.11888 0.7251548 0.5372372 0.3785371 0.1742578 0.1399352 0.1090878 0.6156061 0.9150866 1.599855 3.193874 3.992314 4.545813 5.623666 5.449814 4.172173 3.493285 3.966546 
1.06744 0.7028371 0.5981638 1.144187 1.693917 3.016908 5.998292 10.95494 16.87114 20.46951 20.71863 18.23232 15.36411 13.06899 10.68058 12.63508 21.13991 19.17267 6.867204 2.43675 1.657303 0.6813421 0.4766472 0.2717153 0.1904162 0.1379862 0.1160857 0.1417995 0.1518605 0.2709894 0.9685284 0.05800753 0.9532456 0.1376289 0.1478627 0.1060358 0.1678771 0.1936641 0.1965246 0.3310251 0.4153773 0.3851991 0.3756426 0.3715349 0.4236131 0.5948071 1.282552 2.923128 2.758222 2.639687 3.163959 3.51904 3.704205 4.088158 3.573509 3.289212 4.027378 3.313114 2.222559 1.341363 0.8968391 0.6878147 0.5580797 0.472636 0.493547 0.5091298 0.2702616 0.08507983 0.3970538 0.1995498 2.234302 4.643146 5.880497 5.649199 5.460016 5.5031 4.680446 4.013062 4.249597 4.484813 
1.583615 1.297297 1.186904 1.160848 1.42857 2.062171 3.459272 6.372759 11.30098 16.38496 19.73883 20.09342 17.46103 14.80051 12.9973 11.70133 17.62837 23.11238 14.43689 4.478054 2.035402 0.7439434 0.5787811 0.4727576 0.3125873 0.1663054 0.2383105 0.3393496 0.2925147 0.4562389 0.5619481 0.8569438 0.8146439 0.2628728 0.2408113 0.158834 0.1025737 0.1090125 0.1806856 0.2728907 0.3523763 0.3559678 0.3631121 0.4730526 0.5603835 0.557918 1.188285 2.242396 1.621776 2.455746 3.206975 3.732122 4.370767 4.037146 3.28799 2.547065 2.392407 1.147544 0.5486633 0.3832341 0.4751124 0.4714191 0.4834848 0.3859866 0.4764922 0.5227605 0.2594159 0.3708937 0.1653155 2.687111 5.405263 6.208537 5.122151 3.715613 3.869373 4.416965 4.336025 4.208553 3.923182 3.207217 
2.552558 2.346054 2.237232 2.419381 2.761874 2.878434 2.814043 3.426146 6.6561 11.40506 15.46496 18.24211 18.04745 15.95668 14.51056 12.81625 13.83118 21.48885 21.21911 10.12218 2.881944 1.077803 0.9900498 0.9275888 0.7197143 0.5185838 0.486041 0.401902 0.383876 0.7366615 0.5492163 0.87257 0.3267583 0.1772 0.2217935 0.2035806 0.1862327 0.2526526 0.3946698 0.4383135 0.449717 0.4383135 0.4521737 0.570139 0.6624866 0.6778648 1.448793 1.143219 1.143541 2.015792 2.724336 3.000526 3.036674 2.422303 1.975518 1.726591 1.197739 0.5933291 0.539067 0.2641186 0.6516972 0.133942 0.6006963 0.4810003 0.4102284 0.3449621 0.4620121 1.268897 3.894033 6.147544 6.37812 4.799504 3.331862 2.737648 3.371137 4.068928 3.844201 3.140758 2.700226 2.654563 
3.876069 4.03558 4.262406 4.370336 4.550418 4.933589 5.139256 4.955145 5.202474 7.672637 10.72493 13.25993 14.58038 13.98662 13.5029 13.05533 12.09368 15.96713 22.38027 17.48372 6.02803 1.808137 1.350485 1.340648 1.20758 0.9601915 0.6971048 0.4427842 0.2539486 0.542935 0.5043363 0.467872 0.2229376 0.1518605 0.2180243 0.3146545 0.312272 0.3884451 0.492615 0.4791028 0.449717 0.4417636 0.5427082 0.6194198 0.674041 0.616605 1.207125 0.6399059 1.254054 0.8753862 0.9281281 0.5528945 0.4886678 1.092979 0.8636578 0.9965497 0.7566075 0.1257898 0.7038054 0.2575426 0.8978539 0.2072562 0.8081622 0.5326352 0.4618167 1.270699 3.70812 6.432439 7.609731 6.912039 4.973274 3.175705 3.039524 3.573783 3.820931 3.518754 2.659014 2.237262 2.660079 3.053675 
5.135486 5.935106 6.963002 7.427188 7.58787 7.990879 8.330392 8.58284 8.555318 8.515753 9.232465 10.3308 11.44859 11.34782 11.52784 11.71162 11.13385 11.06717 17.64866 20.9084 11.74042 3.338973 1.676801 1.535656 1.425375 1.234722 0.9153107 0.6663398 0.3265573 0.2126891 0.7957313 0.06130914 0.5653984 0.08072399 0.2971078 0.3500396 0.332756 0.3790354 0.4457212 0.4179966 0.454942 0.6107886 0.8138781 0.8291785 0.7775934 0.6847658 0.7413248 0.2091483 0.6344456 0.3719543 0.6011469 0.4680298 0.3567278 0.9106919 0.7093447 0.6110975 0.7519298 0.5990685 0.3789488 0.6356215 1.033731 0.1322773 1.071176 1.793239 3.700285 6.174408 7.84744 7.654503 6.113646 4.360828 3.336036 3.503759 4.173644 3.928534 2.983124 2.444278 2.258529 2.448498 2.948461 3.098274 
6.459491 7.638873 9.035848 10.62636 10.97266 10.81747 11.14915 11.61922 11.78342 11.6782 11.5468 11.54572 11.62891 11.23909 11.75223 11.69718 10.19614 9.01057 11.17865 18.1342 16.10001 6.447956 2.511175 1.847111 1.640178 1.658 1.475727 1.203921 0.7136694 0.1090878 0.5794613 0.5544508 0.3822049 0.4535328 0.3537709 0.1606833 0.2664388 0.3936496 0.4701117 0.4922317 0.6272525 0.807065 0.7784371 0.5155367 0.332534 0.4355903 0.4803345 0.2105562 0.5615537 0.168852 0.5445196 0.8283073 0.8184622 0.948137 0.724702 0.4667481 0.8508907 1.115326 1.026948 1.028161 0.9237866 3.659371 5.376287 6.500964 7.634624 7.560352 6.137518 4.365319 3.310378 2.36099 2.351701 3.665378 3.718994 2.785653 2.35372 2.549369 2.782318 2.875352 3.011431 3.051707 
7.6936 9.073859 10.11588 11.5208 12.80002 13.37309 13.94046 14.06606 13.79848 13.56281 13.52332 13.37244 12.9695 12.5686 12.67881 11.72864 9.467764 8.103506 7.621814 12.59319 15.88603 9.334056 3.881344 2.673183 1.860308 1.300504 1.156381 1.277658 0.9516866 0.2332284 0.315514 0.8269194 0.1045549 0.6302542 0.3698301 0.2102441 0.2565529 0.4434509 0.4710708 0.4416707 0.5404657 0.5240617 0.2865338 0.2331932 0.3873237 0.677768 0.7320245 0.2434213 0.276476 0.427566 0.3270344 0.3789488 0.6794729 0.7059822 0.5150908 0.1000627 0.3267583 0.9033563 0.8269194 1.849864 5.116603 6.703112 6.956911 6.616723 5.424291 3.960726 3.007581 2.350196 2.05549 1.729887 2.126699 3.195524 2.256929 1.945395 2.391082 2.668817 2.841778 2.864213 2.777303 2.817602 
9.296593 10.71031 11.86262 11.81479 12.68654 13.83698 14.35918 14.42552 14.86397 15.21426 14.85603 14.32891 13.8638 13.30845 12.46803 10.73262 8.65574 7.306188 6.741056 8.934056 12.65064 9.52582 4.04874 2.39408 1.679966 1.311144 1.13454 1.046783 0.8269591 0.3547901 0.3241104 0.9990491 0.215297 0.7553919 0.2283568 0.3238318 0.2319228 0.2744501 0.2693491 0.2931033 0.404568 0.4010639 0.3883394 0.4036135 0.3442 0.5521817 0.7627531 0.3092085 0.2001657 0.1379862 0.4756821 0.6944041 0.7629252 0.4546353 0.2377934 0.2590994 0.312771 0.4266245 2.63008 5.857265 6.506266 5.088039 3.6358 2.625346 2.006797 1.651237 1.391583 1.605375 2.085597 1.588645 1.570624 2.635669 2.004902 1.59922 1.818564 2.036368 2.282591 2.370512 2.257727 2.359321 
11.71551 12.77412 13.22301 12.15774 11.4354 12.39936 13.07705 13.40568 14.03061 14.27831 13.93105 13.52026 13.02947 12.17556 11.0336 9.868228 8.987394 8.846725 9.240823 9.409582 9.345453 8.017753 4.793116 2.829668 2.094369 1.445773 0.9873614 0.7809101 0.5721504 0.2798101 0.1460758 1.060331 0.2761195 0.7820441 0.1051809 0.3361667 0.2693491 0.1872873 0.2287518 0.3167601 0.3794033 0.2066614 0.3159559 0.3400502 0.1978149 0.3906571 0.6597685 0.3468601 0.3610041 0.4778852 0.3573484 0.4157327 0.4523915 0.2633407 0.5689287 0.5906122 1.077376 2.366163 4.454585 5.363525 4.004574 2.774839 1.748743 0.811536 0.9944813 1.511525 1.767587 2.192549 2.237101 1.271609 1.250012 2.066846 2.103693 1.540539 1.487206 1.731744 1.939248 2.126838 2.020692 1.907554 
13.13036 13.20176 12.68817 11.62197 10.60675 10.41733 10.44182 10.45259 10.41329 10.69582 11.98109 13.03671 12.54942 11.53177 11.23894 10.89096 10.33454 10.16419 8.813336 6.226929 4.679431 6.623716 6.417689 3.338572 1.859132 1.23886 0.8994881 0.6913843 0.3899632 0.1867607 0.04742068 0.8506399 0.418291 0.6523013 0.2431177 0.4111875 0.2755245 0.1446077 0.1834354 0.2320643 0.3800732 0.1397004 0.1166499 0.4278346 0.3862416 0.1332663 0.5045315 0.1946363 0.2153732 0.4052166 0.4417636 0.4781255 0.5562239 0.7827467 0.7763579 1.263943 2.414933 2.471448 3.049078 3.629236 3.368868 2.679707 2.032179 1.516816 1.215252 2.149305 2.640629 2.178469 1.769075 1.101285 1.138761 1.609629 1.684926 1.500965 1.451349 1.699367 1.877319 2.237024 2.231382 2.141332 
12.70085 12.42222 11.57939 10.53273 9.187661 7.656502 7.383054 8.185378 8.887849 9.612567 10.06616 9.976451 9.145031 7.653102 6.610219 5.287854 4.748806 4.809211 3.624671 3.969 4.336016 6.740793 8.66521 5.024316 1.709366 1.16655 0.9946792 0.6723102 0.3543503 0.2280691 0.07470451 0.4647924 0.5212355 0.3881915 0.3678722 0.3282617 0.1904593 0.06022872 0.2334746 0.2889013 0.2690443 0.05282408 0.07959779 0.5360292 0.3024462 0.01460761 0.4497718 0.128117 0.2122642 0.322613 0.7235462 1.010033 0.9978988 0.6637364 0.4470449 1.816115 1.944485 1.992748 2.525727 3.27599 3.5046 2.777995 2.128428 1.662183 1.548136 2.429734 2.73387 1.921828 1.544722 1.177851 1.174846 1.303282 1.160311 1.147115 1.328116 1.598497 1.758764 2.316979 2.330466 1.715059 
11.90114 11.12306 9.5651 8.210541 7.089868 6.100334 6.464869 6.264811 4.386994 3.310213 3.658591 4.298875 2.886946 2.947937 5.3809 6.960107 7.402756 6.893054 5.399674 4.54674 4.209188 6.571263 11.52143 9.26706 2.672077 1.418524 1.025757 1.020272 0.9601316 0.4343262 0.05156619 0.1924739 0.565587 0.2544329 0.4297485 0.2645533 0.1322773 0.1234852 0.3874508 0.4071562 0.1577972 0.07740229 0.184506 0.3647357 0.2917562 0.076977 0.3534227 0.2828439 0.5615099 0.5593281 0.4922817 0.4958031 0.5473005 0.3843673 0.7390968 1.287072 1.844509 2.242743 2.769234 3.637659 3.616954 2.315253 1.748246 2.076318 1.964609 2.012143 2.505967 2.246632 1.678999 1.183409 1.244172 1.465523 1.193183 1.034747 1.210403 1.277658 1.169079 1.846086 2.043276 1.729906 
9.608122 8.206079 6.82242 5.735399 4.615758 3.778121 3.915047 3.233508 4.741803 6.588922 7.299789 7.522919 6.802596 6.699355 6.488771 6.548148 7.179304 7.456826 7.208722 7.234536 6.509391 6.614384 12.18707 14.20934 6.328833 3.321036 6.698545 8.655114 6.491467 1.962438 0.2241125 0.2148773 0.2025703 0.4825334 0.1312184 0.3770165 0.3098713 0.2093052 0.1842835 0.7575828 0.8257676 0.5906538 0.4452239 0.3779947 0.511638 0.5656741 0.7192125 0.7054822 0.3587236 0.07740229 0.3570957 0.4134167 0.3664193 0.4394168 0.6732858 0.8872648 1.294778 1.250268 1.809084 3.732596 3.91144 2.867527 2.412691 2.501091 2.304586 2.03514 2.403082 2.79925 2.247751 1.342983 1.341529 1.740295 1.60656 1.289923 1.335426 1.412546 1.47636 2.062536 2.274612 2.195238 
6.30786 5.045341 3.66178 2.416384 3.505606 5.027823 6.213848 6.991766 7.041588 6.508862 6.717354 7.264043 6.934234 6.060236 5.312974 5.419535 6.353485 7.778161 8.449654 8.546467 7.675278 4.725068 8.715242 15.75334 13.62325 10.91682 14.84157 13.75708 13.06438 5.049025 0.8930438 0.1382833 0.1630662 0.2924305 0.5421485 0.2281051 0.7718106 0.6543736 0.7059008 0.31862 0.1499023 0.3333474 0.4865809 0.1112481 0.09185205 0.0843046 0.145061 0.2653277 0.2796634 0.348371 0.3095268 0.1314683 0.1063449 0.2045459 0.3452237 0.4769226 1.201104 0.8703482 1.43118 3.39852 3.219801 2.987367 3.093339 3.041057 2.818359 2.544477 2.478784 2.949323 2.830394 1.982173 1.681253 1.907068 1.930303 1.69458 1.612575 1.741199 1.780455 1.993356 2.086127 2.10903 
3.181182 3.690355 4.689502 6.299343 7.526478 7.930966 7.714213 7.31724 6.580973 6.106143 6.142274 6.583394 6.649369 5.910392 5.52852 5.194098 5.030986 5.236209 5.454113 5.884064 7.364763 3.095389 4.522029 11.5805 15.36616 12.11717 7.291564 5.900872 12.26819 7.278727 2.519536 0.283018 0.2526526 0.1012855 0.4775932 0.4661852 0.3964954 0.1268294 0.5879245 1.159462 0.7757235 0.1673385 0.7600374 0.4218271 0.5642216 0.6478202 0.7652876 0.7220023 0.4902772 0.2538193 0.1621071 0.2577974 0.3008137 0.1633177 0.0831282 0.4168957 0.9570249 0.6345361 1.483375 2.969088 2.785421 2.736679 3.065295 3.242636 3.120875 2.954961 2.76297 2.726957 2.575253 2.16672 1.910177 1.913045 1.949737 1.911631 1.814015 1.903972 2.014035 2.118687 2.023282 1.89946 
6.95542 7.879185 8.278457 8.66466 8.811101 9.141704 8.783366 7.357292 5.883018 5.380059 4.932482 4.818304 4.924753 5.109579 5.130196 4.78653 4.566265 4.652961 4.709011 4.984802 7.772243 3.504551 4.235493 6.163603 9.151871 9.006927 3.630812 6.304212 8.172702 8.236494 4.631962 0.5995888 0.2693491 0.1432392 0.2075332 0.4238649 0.8069125 0.882527 0.9215548 0.3313473 0.9553776 0.2645843 0.763366 0.3678722 0.4656391 0.4452239 0.6462222 0.6491741 0.6183591 0.6067718 0.415634 0.2359571 0.1459072 0.1261807 0.1925165 0.6445058 0.4330395 0.4840276 1.369875 2.404751 2.869124 3.068547 3.181238 3.166023 3.117109 3.103115 3.061238 2.686106 2.253243 2.045773 1.872519 1.812809 1.857606 1.935035 1.927074 1.990654 2.099128 2.131685 1.969732 1.867611 
8.618687 8.611804 8.526151 8.317225 7.9284 7.924352 7.64913 6.874919 6.17415 5.628134 4.795136 4.147282 4.099131 4.454444 4.32227 3.778648 3.407621 3.471868 3.528626 3.7037 7.528857 3.475172 4.014701 3.738021 5.005573 7.136267 8.374291 7.852262 7.770037 8.947969 5.157528 0.8766226 0.4160484 0.2917 0.3639248 0.223746 0.2384482 0.2855871 0.3517935 0.4127214 0.8908085 0.7628714 0.5261402 0.05435553 0.9619329 0.5611883 0.2377934 0.3624787 0.7809942 0.7181165 0.5168561 0.3107176 0.3228928 0.3323612 0.3392045 0.494278 0.1753376 0.270838 0.8358309 1.454425 2.072996 2.686667 3.262823 3.211253 2.917271 3.033008 3.070036 2.647315 2.238685 2.087164 1.883059 1.786874 1.867642 1.965609 2.067571 2.1532 2.041074 1.958292 2.002002 2.022929 
7.949439 8.024264 7.801264 6.896595 5.883781 5.583136 5.608344 5.759632 5.659716 5.128399 4.42421 3.932051 4.017074 4.06601 3.715534 3.299102 2.989528 3.107267 2.986452 2.764338 6.826105 2.777103 2.261627 3.411503 4.079982 4.932533 6.210731 6.571085 9.678288 9.747572 3.520979 1.207621 0.8994881 0.263621 0.1975658 0.301903 0.2210893 0.4784858 0.364398 0.5019878 0.6975637 0.9891877 0.3605719 0.5351712 1.207458 0.1869364 0.1192246 0.9064751 0.9813358 0.8491919 0.6728714 0.2417297 0.4221577 0.7169157 0.5614806 0.1128595 0.1468603 0.1016091 0.4191729 0.6628829 1.0591 1.638778 2.641047 3.327642 3.397532 3.324761 3.07943 2.674343 2.250271 2.053763 1.902267 1.821414 1.912882 2.012733 2.161997 2.210049 1.954803 1.891483 2.058994 2.128428 
7.007019 6.601495 5.963368 4.9969 4.319058 4.359431 4.630567 5.094133 5.096034 4.347767 3.747246 3.520082 3.787472 3.694124 3.371001 3.16515 3.038238 3.116584 2.711222 2.315784 5.961512 2.661666 0.8307997 3.586706 4.188501 5.345694 6.594438 8.070785 11.4528 8.563671 1.702317 0.7479363 1.001411 0.2934111 0.09458134 0.3809144 0.2645533 0.5550277 0.3384779 0.2944999 0.6744548 0.6249459 0.1842835 0.6332934 0.7430384 0.3265573 0.3193147 1.287626 0.3447479 0.4250829 0.8171881 0.4536957 0.3424551 0.4203459 0.620796 0.5363047 0.1584719 0.1668965 0.2355394 0.4401072 0.6683563 1.058364 1.913619 2.926743 3.904728 4.110347 3.509013 2.94646 2.393054 2.053619 1.938069 1.894449 1.958706 2.037055 2.063672 2.081079 1.998233 1.972891 2.122288 2.228943 
5.450318 4.845947 4.128242 3.606584 3.632494 4.006748 4.374413 4.803113 5.050747 4.581638 4.089033 3.944048 3.90563 3.497777 3.486431 3.294179 2.777916 2.887907 2.876763 2.995038 5.221746 3.282418 1.804906 3.577966 4.391788 5.88052 7.755098 10.34061 10.8481 5.596422 0.870989 0.8424503 0.7489778 0.3011409 0.3159559 0.1904593 0.3720646 0.5428292 0.3136356 0.2513173 0.5011206 0.4196425 0.1876813 0.5915423 0.3566127 0.2871632 0.6839025 1.228469 0.1302138 0.09397198 0.5022656 0.9019474 0.3943994 0.2216455 0.2326647 0.3450097 0.5582708 0.2698362 0.07075503 0.2504341 0.5176336 0.7952672 1.371407 2.153071 3.573674 4.680351 4.179668 3.325466 2.725156 2.191085 2.008063 1.994309 2.015857 2.054577 1.939286 1.951481 2.089925 2.158231 2.224441 2.295753 
3.833797 3.484198 3.118564 3.278134 3.924195 4.369306 4.653667 5.008128 5.866371 5.364904 4.083503 3.839817 3.494926 3.185154 3.827636 3.695469 3.098886 3.458705 3.436721 3.746109 4.945204 3.747501 2.155315 3.359259 4.950059 6.52973 9.477819 11.64943 8.178227 2.216012 1.121516 1.160169 0.9127976 0.9327309 0.6794125 0.2566488 0.5266235 0.6897684 0.4688707 0.4854328 0.6603652 0.7809417 0.8717516 0.7008613 0.5708294 0.9756513 1.345856 1.054372 0.4227599 0.4788287 0.5468055 0.8517002 0.7409152 0.1013665 0.08727027 0.2232687 0.3979622 0.5611883 0.2085589 0.1757584 0.276476 0.4824313 0.9218752 1.402829 2.673804 4.602739 4.680342 3.56272 2.986083 2.428268 2.126025 2.052997 2.054122 2.087097 1.92007 1.854223 2.035559 2.19611 2.295913 2.28696 
3.103096 3.796021 3.822186 4.20774 5.387969 6.123399 6.214067 6.447862 7.107045 5.473942 4.336895 4.486424 3.258224 3.543166 4.282619 3.619436 3.800053 3.845627 3.375143 4.354401 4.89533 3.166686 2.220819 4.133561 5.601694 7.9721 11.77133 10.80502 4.897683 0.9073344 0.7391967 0.6357377 1.019773 1.483425 1.615973 1.064539 0.6583117 0.9518676 0.840305 0.9185944 1.021148 0.9941595 1.178798 1.391966 1.639063 1.635373 1.294677 0.9938211 0.8533267 0.6946522 0.4417636 0.5708725 1.086407 0.6961743 0.4895234 0.4241358 0.3025276 0.6018427 0.8831496 0.1551221 0.2894688 0.1668474 0.4258351 0.8429565 1.765253 3.924891 5.149369 4.01168 3.0519 2.760594 2.351053 2.146986 2.147852 2.137676 1.916127 1.790504 1.888531 2.070806 2.236321 2.236061 
3.768994 4.941336 5.392362 6.210616 7.386974 7.484056 7.14336 7.77038 7.317303 5.274764 4.91383 4.161583 3.400079 4.538513 4.007195 3.241565 4.314966 3.597979 3.284409 4.67128 3.967961 2.270103 3.160928 5.166303 6.187669 10.07064 12.34073 7.58335 2.334556 0.6594575 0.3349683 0.1427226 0.1503943 0.3561983 1.145591 1.594661 1.382876 1.376468 1.025549 0.8972049 1.082996 1.392438 1.802743 1.825478 1.486274 1.238198 1.303163 1.421394 1.259164 1.039493 0.53171 0.3139495 0.809116 1.092431 0.4043651 0.07708354 0.1432392 0.1879435 0.753837 0.8522491 0.01460761 0.3511865 0.337458 0.6278802 1.174029 2.628402 5.154788 4.694121 3.012666 3.073626 2.794898 2.544635 2.495551 2.374046 2.052997 1.778981 1.767754 1.936796 2.091089 2.177653 
6.087664 7.234189 7.953527 8.506665 8.653011 7.874179 7.877585 8.108615 5.568446 3.830163 4.239638 3.974187 4.599186 4.392266 3.27572 3.928866 4.32922 3.570437 4.458618 4.524412 2.714536 2.846001 4.971698 6.156396 7.845861 11.47498 10.29408 4.307286 1.06601 0.3694749 0.02025712 0.1604278 0.08352217 0.13613 0.07448447 0.5463251 0.8616796 0.8302465 0.5283658 0.6610358 1.109981 1.474398 1.700992 2.227988 2.761021 2.811059 2.41025 1.871425 1.574529 1.707183 1.570624 0.5830753 0.3290358 0.8912597 1.060702 0.1102105 0.3447241 0.1753376 0.1268294 0.7818027 1.000895 0.3303551 0.5559731 0.4943278 0.7706723 1.498849 4.280615 5.2278 3.272418 3.036413 3.289577 3.165055 3.017355 2.697897 2.353671 1.951812 1.761628 1.860449 1.972762 2.094714 
9.807053 9.400748 9.550085 9.369043 8.630919 7.923846 7.919441 6.392659 3.225025 2.796818 4.530057 4.760028 4.127096 3.370056 4.157694 5.186543 4.048644 3.858395 5.757375 4.16577 2.750469 4.3308 5.986836 6.92006 9.129641 10.24538 6.971949 2.67129 0.8094607 0.1192246 0.2555272 0.1936641 0.2392728 0.2871632 0.04363516 0.1427226 0.272379 0.5590787 0.8155298 1.128334 1.209216 1.693341 2.301001 2.555727 2.537419 2.269768 1.889316 1.627861 1.725689 1.953331 2.314638 1.636375 0.4075792 0.4246193 1.465109 0.4513745 0.6962568 0.3300568 0.366867 0.2391699 0.9495722 1.838933 2.073874 1.396719 0.3447241 0.9230937 2.71324 5.042676 4.317691 2.955636 3.085676 3.555212 3.53694 3.065324 2.726426 2.295913 1.953063 1.875821 1.898541 1.983466 
12.87124 12.81112 11.98889 10.71612 9.829431 8.919048 7.487845 6.281137 6.48613 7.970465 8.492013 6.635077 5.469238 6.344923 6.339774 5.026076 3.481433 4.512067 5.975716 3.560854 3.364333 5.020216 6.514479 7.982781 9.293116 7.821933 4.343054 2.168988 0.8573554 0.184506 0.3834268 0.2925147 0.2156778 0.2409817 0.1998785 0.6256545 1.037842 1.361775 1.877568 2.47444 2.674037 2.824801 2.64437 1.788882 1.577728 1.70116 1.627957 1.203266 0.9548193 0.7086735 1.381559 2.341445 1.675421 0.7822539 1.321331 0.7779943 0.5421485 0.2063037 0.0640586 0.1779856 0.4664491 1.200338 1.281094 1.644825 1.383457 0.6505883 0.9746838 3.393201 4.768624 3.452082 2.7588 3.646944 4.042564 3.574731 3.053611 2.600819 2.246366 2.011495 1.908928 1.921913 
10.86802 11.63562 11.58574 11.2491 11.46216 10.80992 9.421563 8.232123 7.19643 6.610005 6.150761 5.832363 6.953761 6.49702 3.982762 2.811533 3.329417 5.059322 4.666013 2.618807 3.202729 5.619375 7.747222 8.445337 8.239739 5.828914 2.760754 1.712949 0.8976254 0.3741322 0.2843198 0.2981832 0.4462365 0.4805224 0.404568 1.057014 1.556387 2.187381 2.973912 3.064409 2.695458 2.616706 2.884191 3.802199 5.103677 5.871398 5.829436 4.184536 2.369351 2.054453 1.730077 1.577151 1.997347 1.797603 0.9879512 0.6594948 0.6316977 0.1975243 0.3337902 0.232029 0.3390109 1.004209 1.256687 0.1160149 1.183409 1.194688 0.4074785 1.336291 3.607677 3.871352 2.97902 3.333922 4.135293 4.041731 3.364547 2.848784 2.519077 2.20268 2.016564 1.960914 
9.110644 8.275211 8.37289 9.133332 9.596517 8.297715 6.900033 4.965921 2.423813 0.9585581 2.356074 3.341801 3.427926 1.967022 2.385243 4.000559 4.73309 4.723119 2.956023 2.366744 4.031845 6.701905 7.837292 7.320264 6.808713 4.515709 1.806994 1.06724 0.6152061 0.5581385 0.4552125 0.517586 0.5519587 0.6931385 0.7358925 1.357668 1.918277 2.529173 2.548367 1.698831 2.124495 4.448272 6.928607 8.418581 8.563068 8.383761 8.614565 8.295877 5.175223 2.861048 3.107001 2.243706 1.581548 2.490297 1.373844 0.2320643 0.4243293 0.697987 0.2001247 0.5557812 0.2641186 0.153152 0.9156244 1.558929 0.6887088 0.7599187 1.112557 0.4090263 1.813889 3.182186 3.198539 3.03735 3.746562 4.148764 3.729348 3.211139 2.808528 2.447665 2.272825 2.232318 
10.5557 9.849476 9.451212 9.415008 8.220491 5.538455 3.972879 3.150082 2.623528 1.883655 0.7829144 2.790633 4.29804 4.172937 4.116291 4.295139 5.221879 5.133228 4.43611 4.452194 5.510425 7.468054 7.789991 7.019457 5.997704 3.450092 1.273278 0.4586786 0.247666 0.3553448 0.4905282 0.5732967 0.4412246 0.5528352 1.23605 2.16748 2.600366 2.435543 1.882263 2.624913 5.248025 7.19115 7.455772 7.105683 6.648601 6.269276 6.462199 8.228568 7.90612 2.688076 1.341419 2.858888 1.263716 1.823245 2.346853 0.7351451 0.2011881 0.5563124 0.408042 0.4415964 0.3393496 0.3281867 0.4667657 0.7155983 1.563529 0.6927715 0.6413917 0.8947142 0.4215936 1.745891 2.919905 3.220854 3.490198 3.806883 3.92061 3.657531 3.110217 2.824767 2.913737 2.984943 
13.23832 12.66678 11.73079 10.56333 8.522627 7.157997 7.09909 6.708912 5.223555 3.307218 2.087701 1.894323 2.756062 3.867203 5.494594 4.460486 3.442622 4.310138 5.387138 6.356075 6.500466 7.732825 7.668967 6.563986 4.691424 1.888947 0.472636 0.2860465 0.220755 0.2782513 0.5309686 0.7085114 0.9510399 1.502712 2.50245 2.982444 2.83364 2.404737 2.412786 4.26577 6.624105 7.417874 7.883091 8.651892 8.220349 6.738647 5.509044 6.343534 9.384507 7.143654 2.476035 3.497918 2.300403 0.858761 1.889771 1.748621 0.2424416 0.4619411 0.2016364 0.2304674 0.2181748 0.2088341 0.4290605 0.2910804 0.7843907 1.4627 0.8428884 0.4474119 0.7238523 0.3138449 1.77446 2.971915 3.443523 3.327951 3.545 3.790366 3.372121 3.140932 3.077361 2.863722 
9.572887 8.241621 7.476577 7.485627 6.87245 6.640362 6.735221 6.943439 6.644609 4.352747 2.17713 2.176362 2.866098 3.289786 4.167543 4.305767 4.531797 6.025314 5.870482 5.481853 6.433234 6.854672 6.159322 5.391809 2.50532 1.69384 2.575002 1.700833 0.4989873 0.4715235 1.065409 1.664568 2.085974 2.576756 2.809402 2.24746 1.923856 2.863117 5.839254 9.73681 12.1579 13.26573 13.99298 13.55207 11.45622 9.965785 8.589783 7.653554 9.258262 10.71746 7.097877 3.930475 2.583716 2.461912 0.3011409 2.281385 0.847935 0.5077094 0.1294553 0.3458887 0.2177983 0.2709894 0.07687031 0.4523189 0.276565 0.6040882 1.450179 0.9949349 0.2505651 0.5660366 0.5278841 1.975589 3.182744 3.215575 2.938389 3.197028 3.221262 2.799905 2.510787 2.875293 
4.96434 3.773278 4.031222 4.849239 4.999675 5.384645 5.577961 6.678146 8.638546 7.863549 4.727658 3.743675 3.742236 3.746053 3.631143 3.88797 5.508802 6.9379 6.95429 5.39545 4.628954 4.290171 5.137283 4.525088 0.128756 3.335788 3.286697 3.400048 1.096508 0.6349627 1.847648 2.429087 2.251159 2.087132 1.940161 2.508595 4.660146 8.291341 12.48517 15.07526 15.6472 15.17112 13.82134 11.9649 10.55323 10.85867 10.30472 9.006636 9.093143 11.26941 10.90797 6.431773 3.421911 1.089423 1.982412 2.070248 1.802034 0.181953 0.4192512 0.3856463 0.4096879 0.1051029 0.3607767 0.1742578 0.5218492 0.4096678 0.5368094 1.402338 0.8960978 0.2580838 0.4777478 0.891913 2.387034 3.210335 2.669381 2.274093 2.604099 2.856971 3.404701 3.781642 
6.082407 7.088328 6.345378 5.501027 4.495536 4.019785 4.106109 5.553743 8.748932 11.06374 9.343884 6.734982 5.170135 4.060529 3.483281 5.493971 7.208073 6.588772 7.370118 6.857828 4.264154 3.813393 4.979621 2.912018 1.076371 3.063545 0.3899843 3.124435 2.142174 2.197833 2.810578 2.212049 1.280959 1.458203 2.770871 5.662434 9.294479 12.35779 13.46572 12.50125 11.49823 11.03106 10.52863 10.32594 10.74446 11.869 11.63233 9.862592 8.883555 10.76275 13.3049 8.573844 4.150818 2.949124 2.789721 2.306064 2.759527 0.420424 0.3573484 0.08727027 0.1907177 0.4870529 0.2362352 0.5915423 0.1617524 0.4496988 0.4303019 0.5396604 1.201957 0.807187 0.5128555 0.6785303 1.404214 2.729173 2.722858 2.111549 2.755996 3.724487 4.06689 3.804506 
1.92193 2.331379 3.499318 4.794973 4.287681 3.405696 1.919613 2.468156 4.531286 8.270166 10.25782 10.15403 9.24812 7.004706 5.3701 7.089144 6.559701 5.84991 8.260992 6.909734 4.177966 3.959979 3.357138 0.9342777 0.6921079 1.732425 2.071198 0.8864044 2.182695 2.834726 2.267833 1.196485 1.170951 2.773279 5.439338 8.910143 11.06229 11.40387 11.15237 11.18769 11.85911 12.25759 12.36098 12.2519 12.17994 13.40109 14.69188 13.42935 10.75409 10.75055 14.24953 12.24156 6.681766 3.878436 2.17463 2.295817 3.395915 1.223833 0.1366715 0.04619332 0.0640586 0.3950647 0.3635638 0.5472255 0.4415035 0.3006227 0.4619411 0.4606424 0.7132208 1.247385 0.5707 0.5248128 0.6107214 1.812379 2.422985 2.3283 3.207992 4.331154 4.640937 4.083034 
6.675929 5.455429 3.894186 4.027605 2.490908 2.880411 4.438012 4.172585 3.125252 3.829317 6.304636 8.936467 9.80364 9.245125 8.180235 7.261929 5.748948 7.281511 8.722814 5.471715 2.584324 2.088321 1.06214 0.6858554 1.409378 1.503143 1.43439 0.7073292 0.8678276 1.275647 0.8447456 1.12869 2.837218 5.188561 8.109515 10.72119 11.10435 11.14458 12.23033 13.2061 13.74722 14.12858 14.05323 13.60849 13.57127 15.07972 17.24538 17.43943 15.29517 13.7409 13.8474 14.72009 12.06624 6.161069 2.081157 0.7879079 2.700247 2.578229 0.5164432 0.05405271 0.1112481 0.2417297 0.5018733 0.371866 0.5216604 0.2736115 0.33283 0.4196621 0.4423206 0.8895919 0.9916477 0.5587851 0.2803668 0.9399245 1.724006 2.095546 3.095635 4.381926 5.121965 4.84881 
4.964882 5.039795 4.999316 5.681771 5.669215 2.086854 1.039611 1.973726 2.626882 3.464415 3.673083 4.024698 5.115067 7.296145 7.920395 6.651278 7.106815 8.621495 6.947554 2.881618 0.2397183 1.833644 1.443332 1.696528 1.573831 1.356683 0.6162322 0.4903609 1.012005 1.106139 1.347902 2.814525 5.517818 8.533927 10.83587 11.26155 11.14871 12.20383 13.65236 14.03282 14.15357 14.55184 13.88694 12.85301 12.86538 15.01608 18.56817 20.52519 19.59196 17.88013 14.97988 14.06718 14.92231 11.44508 4.931865 1.872213 0.3279866 2.905303 2.046001 0.45132 0.1550691 0.1911045 0.2849254 0.3823122 0.1885103 0.5680193 0.3282617 0.4114269 0.4368319 0.463785 0.6323209 0.8205847 0.6527037 0.5319722 0.9856067 1.569512 2.561563 3.790902 4.564981 4.927232 
4.420763 3.583174 3.482353 4.600283 5.599119 5.02797 4.799964 4.322947 2.968295 1.492572 2.26053 2.182086 2.915928 4.987798 5.952235 5.952316 6.40742 5.690994 3.059333 0.9789754 0.9979399 1.342268 1.835614 1.261254 0.6353245 0.4166397 0.8725794 0.5506191 1.814801 1.954539 2.94909 5.458631 8.815859 11.80897 12.11584 11.25261 12.01953 13.28559 13.57477 13.56253 13.9894 13.99728 12.88803 11.59219 10.93646 11.6989 15.16063 19.41469 21.62682 20.50342 17.07597 13.81026 15.85789 16.79722 8.025376 1.283875 2.254228 0.4359857 2.591399 1.928043 0.5680626 0.1921752 0.1592983 0.2391699 0.3170708 0.4602325 0.642823 0.3713581 0.3569348 0.2281051 0.1828079 0.591459 0.9930283 0.862165 0.6997834 0.7595623 1.77758 3.351728 3.781404 3.967654 
4.74837 4.586897 5.138868 5.917807 6.145157 5.294837 4.987191 5.841326 6.984389 5.772872 2.631974 2.555241 3.162768 2.744811 2.618197 3.137101 3.28671 2.698189 1.31994 0.7718213 0.3410142 0.2515784 1.1853 0.5935503 0.897927 0.2053867 0.9118533 2.379933 2.670984 3.116781 5.248421 8.299734 11.45626 12.57642 11.78386 11.90337 12.71473 12.95785 13.082 13.83771 13.86956 13.10017 12.42889 11.60368 10.99891 10.72529 11.37246 14.41278 19.61517 21.36596 19.16695 15.15146 16.92957 20.36069 13.6395 5.150471 0.1898551 2.048702 0.09238659 2.333917 2.170603 0.8986211 0.1936641 0.2527825 0.4093673 0.05266849 0.8087103 0.6396495 0.07448447 0.1022532 0.2398894 0.5818073 0.8038563 1.029023 0.9728978 0.7673005 1.009147 2.64814 3.500914 3.235529 
