ncols         80
nrows         80
xllcorner     190000
yllcorner     314000
cellsize      25
NODATA_value  -9999
525 500 475 450 425 400 375 350 325 300 275 250 225 200 175 150 125 100 75 50 25 0 0 25 0 25 50 75 100 125 150 175 200 225 250 275 300 325 348.2097 371.6517 395.2847 419.0764 443.0011 467.0385 491.1721 515.3882 539.6758 564.0257 588.4301 612.8825 637.3774 661.9101 686.4765 711.0731 735.697 760.3453 785.0159 809.7067 834.416 859.142 883.8835 908.6391 933.4077 958.1884 982.9802 1007.782 1032.594 1057.414 1082.243 1107.079 1131.923 1156.774 1181.63 1206.493 1231.361 1256.234 1281.113 1305.996 1330.883 1355.775 
525.5949 500.6246 475.6574 450.6939 425.7346 400.7805 375.8324 350.8917 325.9601 301.0399 276.134 251.2469 226.3846 201.5564 176.7767 152.0691 127.4755 103.0776 79.05694 55.9017 35.35534 25 0 25 0 25 50 75 100 125 150 175 200 223.6068 246.2215 269.2582 292.6175 316.2278 340.0368 364.0055 388.1044 412.3106 436.6062 460.9772 485.4122 509.9019 534.439 559.017 583.6309 608.2762 632.9495 657.6473 682.3672 707.1068 731.8641 756.6373 781.425 806.2258 831.0385 855.8621 880.6957 905.5385 930.3897 955.2487 980.1148 1004.988 1029.866 1054.751 1079.641 1104.536 1129.436 1154.34 1179.248 1204.159 1229.075 1253.994 1278.916 1303.84 1328.768 1353.699 
527.3755 502.4938 477.6243 452.7693 427.9311 403.1129 378.3186 353.5534 328.8237 304.1381 279.5085 254.951 230.4886 206.1553 182.0027 158.1139 134.6291 111.8034 90.13878 70.71068 50 25 0 25 0 25 50 75 100 125 145.7738 167.7051 190.3943 213.6001 237.1708 261.0077 285.0439 309.2329 333.5416 357.9455 382.4265 406.9705 431.5669 456.2072 480.8846 505.5937 530.3301 555.0901 579.8707 604.6693 629.4839 654.3126 679.1539 704.0064 728.869 753.7407 778.6206 803.5079 828.4021 853.3024 878.2084 903.1196 928.0356 952.9559 977.8804 1002.809 1027.74 1052.675 1077.613 1102.554 1127.497 1152.443 1177.391 1202.341 1227.294 1252.248 1276.959 1300 1323.112 1346.291 
530.3301 505.5937 480.8846 456.2072 431.5669 406.9705 382.4265 357.9455 333.5416 309.2329 285.0439 261.0077 237.1708 213.6001 190.3943 167.7051 145.7738 125 100 75 50 25 0 0 0 25 50 70.71068 90.13878 111.8034 134.6291 158.1139 182.0027 206.1553 230.4886 254.951 279.5085 304.1381 328.8237 353.5534 378.3186 403.1129 427.9311 452.7693 477.6243 502.4938 527.3755 552.2681 577.1698 602.0797 626.9968 651.9202 676.8493 701.7834 726.7221 751.6648 776.6112 801.561 826.5137 851.4693 876.4274 901.3878 926.3503 951.3149 976.2812 1001.249 1026.219 1051.19 1076.162 1101.136 1126.111 1151.086 1175.266 1198.176 1221.167 1244.237 1267.379 1290.591 1313.868 1337.208 
534.439 509.9019 485.4122 460.9772 436.6062 412.3106 388.1044 364.0055 340.0368 316.2278 292.6175 269.2582 246.2215 223.6068 200 175 150 125 100 75 50 25 0 0 0 25 35.35534 55.9017 79.05694 103.0776 127.4755 152.0691 176.7767 201.5564 226.3846 251.2469 276.134 301.0399 325.9601 350.8917 375.8324 400.7805 425.7346 450.6939 475.6574 500.6246 525.5949 550.5679 575.5432 600.5206 625.4998 650.4806 675.4628 700.4463 725.4309 750.4166 775.4031 800.3905 825.3787 850.3676 875.3571 900.3472 925.3378 950.3289 975.3204 1000.312 1025.305 1050.298 1073.837 1096.586 1119.431 1142.366 1165.386 1188.486 1211.662 1234.909 1258.223 1281.601 1305.038 1328.533 
539.6758 515.3882 491.1721 467.0385 443.0011 419.0764 395.2847 371.6517 348.2097 325 301.0399 276.134 251.2469 226.3846 201.5564 176.7767 152.0691 127.4755 103.0776 79.05694 55.9017 35.35534 25 25 0 0 25 50 75 100 125 150 175 200 225 250 275 300 325 350 375 400 425 450 475 500 525 550 575 600 625 650 675 700 725 750 775 800 825 850 875 900 925 950 972.7538 995.3015 1017.964 1040.733 1063.602 1086.566 1109.617 1132.751 1155.963 1179.248 1202.601 1226.02 1249.5 1273.038 1296.63 1320.275 
546.0082 522.0153 498.1215 474.3416 450.6939 427.2002 403.1129 378.3186 353.5534 328.8237 304.1381 279.5085 254.951 230.4886 206.1553 182.0027 158.1139 134.6291 111.8034 90.13878 70.71068 55.9017 50 35.35534 25 0 25 50 75 100 125 150 175 200 225 250 275 300 325 350 375 400 425 450 475 500 525 550 575 600 625 650 675 700 725 750 775 800 825 850 872.1382 894.4272 916.856 939.4147 962.0941 984.8858 1007.782 1030.776 1053.862 1077.033 1100.284 1123.61 1147.007 1170.47 1193.995 1217.58 1241.219 1264.911 1288.652 1312.44 
553.3986 529.7405 505.5937 480.8846 456.2072 431.5669 406.9705 382.4265 357.9455 333.5416 309.2329 285.0439 261.0077 237.1708 213.6001 190.3943 167.7051 145.7738 125 106.066 90.13878 79.05694 55.9017 35.35534 25 0 25 50 75 100 125 150 175 200 225 250 275 300 325 350 375 400 425 450 475 500 525 550 575 600 625 650 675 700 725 750 772.1722 794.119 816.2414 838.5255 860.9587 883.5298 906.2285 929.0452 951.9716 975 998.1232 1021.335 1044.629 1068 1091.444 1114.955 1138.53 1162.164 1185.854 1209.597 1233.39 1257.229 1281.113 1305.038 
559.017 534.439 509.9019 485.4122 460.9772 436.6062 412.3106 388.1044 364.0055 340.0368 316.2278 292.6175 269.2582 246.2215 223.6068 201.5564 180.2776 160.0781 141.4214 125 100 75 50 25 0 0 25 50 75 100 125 150 175 200 225 250 275 300 325 350 375 400 425 450 475 500 525 550 575 600 625 650 673.1456 694.6222 716.3275 738.2411 760.3453 782.6238 805.0621 827.6473 850.3676 873.2125 896.1724 919.2388 942.4039 965.6604 989.002 1012.423 1035.917 1059.481 1083.109 1106.797 1130.542 1154.34 1178.187 1202.082 1226.02 1250 1274.019 1298.075 
564.0257 539.6758 515.3882 491.1721 467.0385 443.0011 419.0764 395.2847 371.6517 348.2097 325 302.0761 279.5085 257.3907 235.8495 215.0581 195.2562 175 150 125 100 75 50 25 0 0 25 50 75 100 125 150 175 200 225 250 275 300 325 350 375 400 425 450 475 500 525 550 575 596.343 617.4545 638.8466 660.4922 682.3672 704.4501 726.7221 749.1662 771.7675 794.5125 817.3892 840.3868 863.4958 886.7074 910.0137 933.4077 956.8829 980.4336 1004.054 1027.74 1051.487 1075.291 1099.147 1123.054 1147.007 1171.004 1195.042 1219.119 1243.232 1267.379 1291.559 
570.0877 546.0082 522.0153 498.1215 474.3416 450.6939 427.2002 403.8874 380.7887 357.9455 335.4102 313.2491 291.5476 270.4164 250 226.3846 201.5564 176.7767 152.0691 127.4755 103.0776 79.05694 55.9017 35.35534 25 0 25 50 75 100 125 150 175 200 225 250 275 300 325 350 375 400 425 450 475 500 520.2163 540.8327 561.8051 583.0952 604.6693 626.4982 648.5561 670.8204 693.2712 715.8911 738.6643 761.5773 784.6177 807.7747 831.0385 854.4004 877.8525 901.3878 925 948.6833 972.4325 996.2429 1020.11 1044.031 1068 1092.016 1116.076 1140.175 1164.313 1188.486 1212.693 1236.932 1261.2 1285.496 
577.1698 553.3986 529.7405 506.2114 482.8302 459.6194 436.6062 412.3106 388.1044 364.0055 340.0368 316.2278 292.6175 269.2582 246.2215 223.6068 201.5564 176.7767 152.0691 127.4755 103.0776 79.05694 55.9017 35.35534 25 0 25 50 75 100 125 150 175 200 225 250 275 300 325 350 375 400 425 445.1123 465.0269 485.4122 506.2114 527.3755 548.8625 570.6356 592.6635 614.9187 637.3774 660.0189 682.825 705.7797 728.869 752.0804 775.4031 798.8273 822.3442 845.9462 869.6263 893.3784 917.1968 941.0765 965.0129 989.002 1013.04 1037.123 1061.249 1085.415 1109.617 1133.854 1158.124 1182.423 1206.752 1231.107 1255.488 1279.893 
579.8707 555.0901 530.3301 505.5937 480.8846 456.2072 431.5669 406.9705 382.4265 357.9455 333.5416 309.2329 285.0439 261.0077 237.1708 213.6001 190.3943 167.7051 145.7738 125 100 75 50 25 0 0 25 50 75 100 125 150 175 200 225 250 275 300 325 350 371.6517 390.5125 410.0305 430.1163 450.6939 471.6991 493.0771 514.7815 536.7728 559.017 581.4852 604.1523 626.9968 650 673.1456 696.4194 719.809 743.3035 766.8931 790.5694 814.3249 838.1527 862.047 886.0023 910.0137 934.0771 958.1884 982.3441 1006.541 1030.776 1055.047 1079.352 1103.687 1128.051 1152.443 1176.86 1201.301 1225.765 1250.25 1274.755 
577.1698 552.2681 527.3755 502.4938 477.6243 452.7693 427.9311 403.1129 378.3186 353.5534 328.8237 304.1381 279.5085 254.951 230.4886 206.1553 182.0027 158.1139 134.6291 111.8034 90.13878 70.71068 50 25 0 25 35.35534 55.9017 79.05694 103.0776 127.4755 152.0691 176.7767 201.5564 226.3846 251.2469 276.134 301.0399 318.1981 336.3406 355.3168 375 395.2847 416.0829 437.3214 458.939 480.8846 503.1153 525.5949 548.2928 571.183 594.2432 617.4545 640.8003 664.2665 687.8408 711.5125 735.272 759.1113 783.023 807.0006 831.0385 855.1316 879.2753 903.4656 927.6988 951.9716 976.2812 1000.625 1025 1049.405 1073.837 1098.294 1122.776 1147.279 1171.804 1196.349 1220.911 1245.492 1270.089 
575.5432 550.5679 525.5949 500.6246 475.6574 450.6939 425.7346 400.7805 375.8324 350.8917 325.9601 301.0399 276.134 251.2469 226.3846 201.5564 176.7767 152.0691 127.4755 103.0776 79.05694 55.9017 35.35534 25 0 25 50 70.71068 90.13878 111.8034 134.6291 158.1139 182.0027 206.1553 230.4886 250 265.7536 282.8427 301.0399 320.1562 340.0368 360.5551 381.6084 403.1129 425 447.2136 469.7074 492.4429 515.3882 538.5165 561.8051 585.235 608.7898 632.4555 656.2202 680.0735 704.0064 728.011 752.0804 776.2087 800.3905 824.6212 848.8964 873.2125 897.5662 921.9545 946.3746 970.8244 995.3015 1019.804 1044.33 1068.878 1093.446 1118.034 1142.64 1167.262 1191.9 1216.552 1241.219 1265.899 
575 550 525 500 475 450 425 400 375 350 325 300 275 250 225 200 175 150 125 100 75 50 25 0 0 25 50 75 100 125 141.4214 160.0781 180.2776 201.5564 215.0581 230.4886 247.4874 265.7536 285.0439 305.1639 325.9601 347.3111 369.1206 391.3119 413.8236 436.6062 459.6194 482.8302 506.2114 529.7405 553.3986 577.1698 601.0408 625 649.0377 673.1456 697.3163 721.5435 745.8217 770.1461 794.5125 818.917 843.3564 867.8278 892.3284 916.856 941.4085 965.9839 990.5806 1015.197 1039.832 1064.483 1089.151 1113.833 1138.53 1163.239 1187.96 1212.693 1237.437 1262.191 
575 550 525 500 475 450 425 400 375 350 325 300 275 250 225 200 175 150 125 100 75 50 25 0 25 35.35534 55.9017 79.05694 90.13878 106.066 125 145.7738 167.7051 180.2776 195.2562 212.132 230.4886 250 270.4164 291.5476 313.2491 335.4102 357.9455 380.7887 403.8874 427.2002 450.6939 474.3416 498.1215 522.0153 546.0082 570.0877 594.2432 618.4658 642.748 667.0832 691.4658 715.8911 740.3546 764.8529 789.3827 813.941 838.5255 863.1339 887.764 912.4144 937.0833 961.7692 986.471 1011.187 1035.917 1060.66 1085.415 1110.18 1134.956 1159.741 1184.536 1209.339 1234.15 1258.968 
575 550 525 500 475 450 425 400 375 350 325 300 275 250 225 200 175 150 125 100 75 50 25 0 25 50 50 55.9017 70.71068 90.13878 111.8034 134.6291 145.7738 160.0781 176.7767 195.2562 215.0581 235.8495 257.3907 279.5085 302.0761 325 348.2097 371.6517 395.2847 419.0764 443.0011 467.0385 491.1721 515.3882 539.6758 564.0257 588.4301 612.8825 637.3774 661.9101 686.4765 711.0731 735.697 760.3453 785.0159 809.7067 834.416 859.142 883.8835 908.6391 933.4077 958.1884 982.9802 1007.782 1032.594 1057.414 1082.243 1107.079 1131.923 1156.774 1181.63 1206.493 1231.361 1256.234 
570.0877 546.0082 522.0153 498.1215 474.3416 450 425 400 375 350 325 300 275 250 225 200 175 150 125 100 75 50 25 0 25 25 25 35.35534 55.9017 79.05694 103.0776 111.8034 125 141.4214 160.0781 180.2776 201.5564 223.6068 246.2215 269.2582 292.6175 316.2278 340.0368 364.0055 388.1044 412.3106 436.6062 460.9772 485.4122 509.9019 534.439 559.017 583.6309 608.2762 632.9495 657.6473 682.3672 707.1068 731.8641 756.6373 781.425 806.2258 831.0385 855.8621 880.6957 905.5385 930.3897 955.2487 980.1148 1004.988 1029.866 1054.751 1079.641 1104.536 1129.436 1154.34 1179.248 1204.159 1227.294 1241.219 
564.0257 539.6758 515.3882 491.1721 467.0385 443.0011 419.0764 395.2847 371.6517 348.2097 325 300 275 250 225 200 175 150 125 100 75 50 25 0 0 0 0 25 50 70.71068 79.05694 90.13878 106.066 125 145.7738 167.7051 190.3943 213.6001 237.1708 261.0077 285.0439 309.2329 333.5416 357.9455 382.4265 406.9705 431.5669 456.2072 480.8846 505.5937 530.3301 555.0901 579.8707 604.6693 629.4839 654.3126 679.1539 704.0064 728.869 753.7407 778.6206 803.5079 828.4021 853.3024 878.2084 903.1196 928.0356 952.9559 977.8804 1002.809 1027.74 1052.675 1077.613 1102.554 1127.497 1152.443 1177.391 1192.686 1206.493 1220.656 
559.017 534.439 509.9019 485.4122 460.9772 436.6062 412.3106 388.1044 364.0055 340.0368 316.2278 292.6175 269.2582 246.2215 223.6068 201.5564 176.7767 152.0691 127.4755 103.0776 79.05694 55.9017 35.35534 25 25 25 0 25 35.35534 50 55.9017 70.71068 90.13878 111.8034 134.6291 158.1139 182.0027 206.1553 230.4886 254.951 279.5085 304.1381 328.8237 353.5534 378.3186 403.1129 427.9311 452.7693 477.6243 502.4938 527.3755 552.2681 577.1698 602.0797 626.9968 651.9202 676.8493 701.7834 726.7221 751.6648 776.6112 801.561 826.5137 851.4693 876.4274 901.3878 926.3503 951.3149 976.2812 1001.249 1026.219 1051.19 1076.162 1101.136 1126.111 1144.825 1158.124 1171.804 1185.854 1200.26 
555.0901 530.3301 505.5937 480.8846 456.2072 431.5669 406.9705 382.4265 357.9455 333.5416 309.2329 285.0439 261.0077 237.1708 213.6001 190.3943 167.7051 145.7738 125 106.066 90.13878 70.71068 55.9017 50 50 25 0 0 25 25 35.35534 55.9017 79.05694 103.0776 127.4755 152.0691 176.7767 201.5564 226.3846 251.2469 276.134 301.0399 325.9601 350.8917 375.8324 400.7805 425.7346 450.6939 475.6574 500.6246 525.5949 550.5679 575.5432 600.5206 625.4998 650.4806 675.4628 700.4463 725.4309 750.4166 775.4031 800.3905 825.3787 850.3676 875.3571 900.3472 925.3378 950.3289 975.3204 1000.312 1025.305 1050.298 1075.291 1097.725 1110.462 1123.61 1137.156 1151.086 1165.386 1180.042 
552.2681 527.3755 502.4938 477.6243 452.7693 427.9311 403.1129 378.3186 353.5534 328.8237 304.1381 279.5085 254.951 230.4886 206.1553 182.0027 158.1139 134.6291 111.8034 90.13878 70.71068 55.9017 50 50 50 35.35534 25 0 0 0 25 50 75 100 125 150 175 200 225 250 275 300 325 350 375 400 425 450 475 500 525 550 575 600 625 650 675 700 725 750 775 800 825 850 875 900 925 950 975 1000 1025 1050 1063.602 1076.162 1089.151 1102.554 1116.356 1130.542 1145.098 1160.011 
550.5679 525.5949 500.6246 475.6574 450.6939 425.7346 400.7805 375.8324 350.8917 325.9601 301.0399 276.134 251.2469 226.3846 201.5564 176.7767 152.0691 127.4755 103.0776 79.05694 55.9017 35.35534 25 25 25 25 25 25 0 0 25 50 75 100 125 150 175 200 225 250 275 300 325 350 375 400 425 450 475 500 525 550 575 600 625 650 675 700 725 750 775 800 825 850 875 900 925 950 975 1000 1017.657 1029.563 1041.933 1054.751 1068 1081.665 1095.73 1110.18 1125 1140.175 
550 525 500 475 450 425 400 375 350 325 300 275 250 225 200 175 150 125 100 75 50 25 0 0 0 0 0 0 0 25 35.35534 55.9017 79.05694 103.0776 127.4755 152.0691 176.7767 201.5564 226.3846 251.2469 276.134 301.0399 325.9601 350.8917 375.8324 400.7805 425.7346 450.6939 475.6574 500.6246 525.5949 550.5679 575.5432 600.5206 625.4998 650.4806 675.4628 700.4463 725.4309 750.4166 775.4031 800.3905 825.3787 850.3676 875.3571 900.3472 925.3378 950.3289 972.7538 983.9334 995.6154 1007.782 1020.417 1033.501 1047.02 1060.955 1075.291 1090.011 1105.102 1120.547 
550 525 500 475 450 425 400 375 350 325 300 275 250 225 200 175 150 125 100 75 50 25 0 25 25 25 25 25 0 25 50 70.71068 90.13878 111.8034 134.6291 158.1139 182.0027 206.1553 230.4886 254.951 279.5085 304.1381 328.8237 353.5534 378.3186 403.1129 427.9311 452.7693 477.6243 502.4938 527.3755 552.2681 577.1698 602.0797 626.9968 651.9202 676.8493 701.7834 726.7221 751.6648 776.6112 801.561 826.5137 851.4693 876.4274 901.3878 926.3503 939.4147 950.3289 961.7692 973.7171 986.1542 999.0621 1012.423 1026.219 1040.433 1055.047 1070.047 1085.415 1101.136 
550 525 500 475 450 425 400 375 350 325 300 275 250 225 200 175 150 125 100 75 50 25 0 0 0 25 50 35.35534 25 35.35534 55.9017 79.05694 103.0776 125 145.7738 167.7051 190.3943 213.6001 237.1708 261.0077 285.0439 309.2329 333.5416 357.9455 382.4265 406.9705 431.5669 456.2072 480.8846 505.5937 530.3301 555.0901 579.8707 604.6693 629.4839 654.3126 679.1539 704.0064 728.869 753.7407 778.6206 803.5079 828.4021 853.3024 878.2084 894.4272 905.8835 916.856 928.0356 939.7473 951.9716 964.6891 977.8804 991.5266 1005.609 1020.11 1035.012 1050.298 1065.95 1081.954 
550.5679 525.5949 500.6246 475.6574 450.6939 425.7346 400.7805 375.8324 350.8917 325.9601 301.0399 276.134 251.2469 226.3846 201.5564 176.7767 152.0691 127.4755 103.0776 79.05694 55.9017 35.35534 25 25 0 25 50 55.9017 50 55.9017 70.71068 90.13878 111.8034 134.6291 158.1139 180.2776 201.5564 223.6068 246.2215 269.2582 292.6175 316.2278 340.0368 364.0055 388.1044 412.3106 436.6062 460.9772 485.4122 509.9019 534.439 559.017 583.6309 608.2762 632.9495 657.6473 682.3672 707.1068 731.8641 756.6373 781.425 805.0621 827.6473 850.3676 860.9587 872.1382 883.5298 894.4272 905.8835 917.878 930.3897 943.3981 956.8829 970.8244 985.203 1000 1015.197 1030.776 1046.721 1063.015 
552.2681 527.3755 502.4938 477.6243 452.7693 427.9311 403.1129 378.3186 353.5534 328.8237 304.1381 279.5085 254.951 230.4886 206.1553 182.0027 158.1139 134.6291 111.8034 90.13878 70.71068 55.9017 50 25 0 25 35.35534 55.9017 75 79.05694 90.13878 106.066 125 145.7738 167.7051 190.3943 213.6001 235.8495 257.3907 279.5085 302.0761 325 348.2097 371.6517 395.2847 419.0764 443.0011 467.0385 491.1721 515.3882 539.6758 564.0257 588.4301 612.8825 637.3774 660.4922 682.3672 704.4501 726.7221 749.1662 771.7675 794.5125 817.3892 827.6473 838.5255 850 860.9587 872.1382 883.8835 896.1724 908.983 922.2933 936.0823 950.3289 965.0129 980.1148 995.6154 1011.496 1027.74 1044.33 
555.0901 530.3301 505.5937 480.8846 456.2072 431.5669 406.9705 382.4265 357.9455 333.5416 309.2329 285.0439 261.0077 237.1708 213.6001 190.3943 167.7051 145.7738 125 103.0776 79.05694 55.9017 35.35534 25 0 0 25 50 75 100 111.8034 125 141.4214 160.0781 180.2776 201.5564 223.6068 246.2215 269.2582 291.5476 313.2491 335.4102 357.9455 380.7887 403.8874 427.2002 450.6939 474.3416 498.1215 520.2163 540.8327 561.8051 583.0952 604.6693 626.4982 648.5561 670.8204 693.2712 715.8911 738.6643 761.5773 784.6177 794.5125 805.0621 816.2414 827.6473 838.5255 850 862.047 874.6428 887.764 901.3878 915.4917 930.0538 945.0529 960.4686 976.2812 992.4717 1009.022 1025.914 
559.017 534.439 509.9019 485.4122 460.9772 436.6062 412.3106 388.1044 364.0055 340.0368 316.2278 292.6175 269.2582 246.2215 223.6068 200 175 150 125 100 75 50 25 0 0 25 35.35534 55.9017 79.05694 103.0776 125 141.4214 160.0781 176.7767 195.2562 215.0581 235.8495 257.3907 279.5085 302.0761 325 347.3111 369.1206 388.9087 406.9705 425.7346 445.1123 465.0269 485.4122 506.2114 527.3755 548.8625 570.6356 592.6635 614.9187 637.3774 660.0189 682.825 705.7797 728.869 752.0804 761.5773 771.7675 782.6238 794.119 805.0621 816.2414 828.0248 840.3868 853.3024 866.7468 880.6957 895.1257 910.0137 925.3378 941.0765 957.2095 973.7171 990.5806 1007.782 
564.0257 539.6758 515.3882 491.1721 467.0385 443.0011 419.0764 395.2847 371.6517 348.2097 325 300 275 250 225 200 175 150 125 100 75 50 25 0 25 35.35534 55.9017 70.71068 79.05694 90.13878 106.066 125 145.7738 167.7051 190.3943 213.6001 237.1708 261.0077 285.0439 301.0399 318.1981 336.3406 353.5534 371.6517 390.5125 410.0305 430.1163 450.6939 471.6991 493.0771 514.7815 536.7728 559.017 581.4852 604.1523 626.9968 650 673.1456 696.4194 719.809 728.869 738.6643 749.1662 760.3453 771.7675 782.6238 794.119 806.2258 818.917 832.1658 845.9462 860.2325 875 890.2247 905.8835 921.9545 938.4162 955.2487 972.4325 989.9495 
570.0877 546.0082 522.0153 498.1215 474.3416 450 425 400 375 350 325 300 275 250 225 200 175 150 125 100 75 50 25 0 0 25 50 50 55.9017 70.71068 90.13878 111.8034 134.6291 158.1139 182.0027 206.1553 230.4886 250 265.7536 282.8427 301.0399 318.1981 336.3406 355.3168 375 395.2847 416.0829 437.3214 458.939 480.8846 503.1153 525.5949 548.2928 571.183 594.2432 617.4545 640.8003 664.2665 687.8408 696.4194 705.7797 715.8911 726.7221 738.2411 749.1662 760.3453 772.1722 784.6177 797.6528 811.249 825.3787 840.0149 855.1316 870.7037 886.7074 903.1196 919.9185 937.0833 954.5942 972.4325 
575.5432 550.5679 525.5949 500.6246 475.6574 450.6939 425.7346 400.7805 375.8324 350.8917 325.9601 301.0399 276.134 251.2469 226.3846 201.5564 176.7767 152.0691 127.4755 103.0776 79.05694 55.9017 35.35534 25 0 25 25 25 35.35534 55.9017 79.05694 103.0776 127.4755 152.0691 176.7767 201.5564 215.0581 230.4886 247.4874 265.7536 282.8427 301.0399 320.1562 340.0368 360.5551 381.6084 403.1129 425 447.2136 469.7074 492.4429 515.3882 538.5165 561.8051 585.235 608.7898 632.4555 656.2202 664.2665 673.1456 682.825 693.2712 704.4501 715.8911 726.7221 738.2411 750.4166 763.2169 776.6112 790.5694 805.0621 820.061 835.5388 851.4693 867.8278 884.5903 901.7344 919.2388 937.0833 955.2487 
575 550 525 500 475 450 425 400 375 350 325 300 275 250 225 200 175 150 125 100 75 50 25 0 0 0 0 0 25 50 75 100 125 150 167.7051 180.2776 195.2562 212.132 230.4886 247.4874 265.7536 285.0439 305.1639 325.9601 347.3111 369.1206 391.3119 413.8236 436.6062 459.6194 482.8302 506.2114 529.7405 553.3986 577.1698 601.0408 625 632.4555 640.8003 650 660.0189 670.8204 682.3672 693.2712 704.4501 716.3275 728.869 742.0411 755.8109 770.1461 785.0159 800.3905 816.2414 832.5413 849.2644 866.3862 883.8835 901.7344 919.9185 938.4162 
575.5432 550.5679 525.5949 500.6246 475.6574 450.6939 425.7346 400.7805 375.8324 350.8917 325.9601 301.0399 276.134 251.2469 226.3846 201.5564 176.7767 152.0691 127.4755 103.0776 79.05694 55.9017 35.35534 25 0 0 25 0 25 50 75 100 125 134.6291 145.7738 160.0781 176.7767 195.2562 212.132 230.4886 250 270.4164 291.5476 313.2491 335.4102 357.9455 380.7887 403.8874 427.2002 450.6939 474.3416 498.1215 522.0153 546.0082 570.0877 590.0212 601.0408 608.7898 617.4545 626.9968 637.3774 648.5561 660.0189 670.8204 682.3672 694.6222 707.5486 721.1102 735.272 750 765.2614 781.025 797.2609 813.941 831.0385 848.5281 866.3862 884.5903 903.1196 921.9545 
577.1698 552.2681 527.3755 502.4938 477.6243 452.7693 427.9311 403.1129 378.3186 353.5534 328.8237 304.1381 279.5085 254.951 230.4886 206.1553 182.0027 158.1139 134.6291 111.8034 90.13878 70.71068 50 25 0 25 0 0 25 50 70.71068 90.13878 103.0776 111.8034 125 141.4214 160.0781 176.7767 195.2562 215.0581 235.8495 257.3907 279.5085 302.0761 325 348.2097 371.6517 395.2847 419.0764 443.0011 467.0385 491.1721 515.3882 539.6758 555.0901 570.0877 577.1698 585.235 594.2432 604.1523 614.9187 626.4982 637.3774 648.5561 660.4922 673.1456 686.4765 700.4463 715.0175 730.1541 745.8217 761.9875 778.6206 795.6915 813.1728 831.0385 849.2644 867.8278 886.7074 905.8835 
579.8707 555.0901 530.3301 505.5937 480.8846 456.2072 431.5669 406.9705 382.4265 357.9455 333.5416 309.2329 285.0439 261.0077 237.1708 213.6001 190.3943 167.7051 145.7738 125 100 75 50 25 0 0 0 25 25 35.35534 55.9017 70.71068 79.05694 90.13878 106.066 125 141.4214 160.0781 180.2776 201.5564 223.6068 246.2215 269.2582 292.6175 316.2278 340.0368 364.0055 388.1044 412.3106 436.6062 460.9772 485.4122 506.2114 520.2163 535.0234 546.0082 553.3986 561.8051 571.183 581.4852 592.6635 604.1523 614.9187 626.4982 638.8466 651.9202 665.6763 680.0735 695.072 710.6335 726.7221 743.3035 760.3453 777.8174 795.6915 813.941 832.5413 851.4693 870.7037 890.2247 
583.6309 559.017 534.439 509.9019 485.4122 460.9772 436.6062 412.3106 388.1044 364.0055 340.0368 316.2278 292.6175 269.2582 246.2215 223.6068 200 175 150 125 100 75 50 25 0 25 25 25 0 25 35.35534 50 55.9017 70.71068 90.13878 106.066 125 145.7738 167.7051 190.3943 213.6001 237.1708 261.0077 285.0439 309.2329 333.5416 357.9455 382.4265 406.9705 431.5669 456.2072 471.6991 485.4122 500 515.3882 522.0153 529.7405 538.5165 548.2928 559.017 570.6356 581.4852 592.6635 604.6693 617.4545 630.9715 645.1744 660.0189 675.4628 691.4658 707.9901 725 742.4621 760.3453 778.6206 797.2609 816.2414 835.5388 855.1316 875 
588.4301 564.0257 539.6758 515.3882 491.1721 467.0385 443.0011 419.0764 395.2847 371.6517 348.2097 325 300 275 250 225 200 175 150 125 100 75 50 25 0 0 0 0 0 0 25 25 35.35534 55.9017 70.71068 90.13878 111.8034 134.6291 158.1139 182.0027 206.1553 230.4886 254.951 279.5085 304.1381 328.8237 353.5534 378.3186 403.1129 425 437.3214 450.6939 465.0269 480.2343 491.1721 498.1215 506.2114 515.3882 525.5949 536.7728 548.2928 559.017 570.6356 583.0952 596.343 610.3278 625 640.3124 656.2202 672.6812 689.6557 707.1068 725 743.3035 761.9875 781.025 800.3905 820.061 840.0149 860.2325 
594.2432 570.0877 546.0082 522.0153 498.1215 474.3416 450.6939 425.7346 400.7805 375.8324 350.8917 325.9601 301.0399 276.134 251.2469 226.3846 201.5564 176.7767 152.0691 127.4755 103.0776 79.05694 55.9017 35.35534 25 25 0 0 25 0 0 0 25 35.35534 55.9017 79.05694 103.0776 127.4755 152.0691 176.7767 201.5564 226.3846 251.2469 276.134 301.0399 325.9601 350.8917 375.8324 391.3119 403.1129 416.0829 430.1163 445.1123 460.9772 467.0385 474.3416 482.8302 492.4429 503.1153 514.7815 525.5949 536.7728 548.8625 561.8051 575.5432 590.0212 605.1859 620.9871 637.3774 654.3126 671.7515 689.6557 707.9901 726.7221 745.8217 765.2614 785.0159 805.0621 825.3787 845.9462 
601.0408 577.1698 552.2681 527.3755 502.4938 477.6243 452.7693 427.9311 403.1129 378.3186 353.5534 328.8237 304.1381 279.5085 254.951 230.4886 206.1553 182.0027 158.1139 134.6291 111.8034 90.13878 70.71068 55.9017 50 35.35534 25 25 35.35534 25 25 0 0 25 50 75 100 125 150 175 200 225 250 275 300 325 348.2097 357.9455 369.1206 381.6084 395.2847 410.0305 425.7346 436.6062 443.0011 450.6939 459.6194 469.7074 480.8846 492.4429 503.1153 514.7815 527.3755 540.8327 555.0901 570.0877 585.7687 602.0797 618.9709 636.3961 654.3126 672.6812 691.4658 710.6335 730.1541 750 770.1461 790.5694 811.249 832.1658 
604.6693 579.8707 555.0901 530.3301 505.5937 480.8846 456.2072 431.5669 406.9705 382.4265 357.9455 333.5416 309.2329 285.0439 261.0077 237.1708 213.6001 190.3943 167.7051 145.7738 125 106.066 90.13878 79.05694 70.71068 55.9017 50 50 55.9017 35.35534 25 0 25 35.35534 55.9017 79.05694 103.0776 127.4755 152.0691 176.7767 201.5564 226.3846 251.2469 276.134 301.0399 316.2278 325 335.4102 347.3111 360.5551 375 390.5125 406.9705 412.3106 419.0764 427.2002 436.6062 447.2136 458.939 469.7074 480.8846 493.0771 506.2114 520.2163 535.0234 550.5679 566.7892 583.6309 601.0408 618.9709 637.3774 656.2202 675.4628 695.072 715.0175 735.272 755.8109 776.6112 797.2609 816.2414 
608.2762 583.6309 559.017 534.439 509.9019 485.4122 460.9772 436.6062 412.3106 388.1044 364.0055 340.0368 316.2278 292.6175 269.2582 246.2215 223.6068 201.5564 180.2776 160.0781 141.4214 125 111.8034 103.0776 90.13878 79.05694 75 75 50 25 0 0 25 50 70.71068 90.13878 111.8034 134.6291 158.1139 182.0027 206.1553 230.4886 254.951 279.5085 285.0439 292.6175 302.0761 313.2491 325.9601 340.0368 355.3168 371.6517 382.4265 388.1044 395.2847 403.8874 413.8236 425 436.6062 447.2136 458.939 471.6991 485.4122 500 515.3882 531.5073 548.2928 565.6854 583.6309 602.0797 620.9871 640.3124 660.0189 680.0735 700.4463 721.1102 742.0411 761.9875 781.025 800.3905 
612.8825 588.4301 564.0257 539.6758 515.3882 491.1721 467.0385 443.0011 419.0764 395.2847 371.6517 348.2097 325 302.0761 279.5085 257.3907 235.8495 215.0581 195.2562 176.7767 160.0781 145.7738 134.6291 125 111.8034 103.0776 100 75 50 25 0 25 35.35534 55.9017 70.71068 90.13878 111.8034 134.6291 158.1139 182.0027 206.1553 230.4886 251.2469 254.951 261.0077 269.2582 279.5085 291.5476 305.1639 320.1562 336.3406 353.5534 357.9455 364.0055 371.6517 380.7887 391.3119 403.1129 413.8236 425 437.3214 450.6939 465.0269 480.2343 496.2358 512.9571 530.3301 548.2928 566.7892 585.7687 605.1859 625 645.1744 665.6763 686.4765 707.5486 726.7221 745.8217 765.2614 785.0159 
618.4658 594.2432 570.0877 546.0082 522.0153 498.1215 474.3416 450.6939 427.2002 403.8874 380.7887 357.9455 335.4102 313.2491 291.5476 270.4164 250 230.4886 212.132 195.2562 180.2776 167.7051 158.1139 145.7738 134.6291 125 100 75 50 25 0 0 25 35.35534 55.9017 79.05694 103.0776 127.4755 152.0691 176.7767 201.5564 225 226.3846 230.4886 237.1708 246.2215 257.3907 270.4164 285.0439 301.0399 318.1981 328.8237 333.5416 340.0368 348.2097 357.9455 369.1206 380.7887 391.3119 403.1129 416.0829 430.1163 445.1123 460.9772 477.6243 494.9748 512.9571 531.5073 550.5679 570.0877 590.0212 610.3278 630.9715 651.9202 672.6812 691.4658 710.6335 730.1541 750 770.1461 
625 601.0408 577.1698 553.3986 529.7405 506.2114 482.8302 459.6194 436.6062 413.8236 391.3119 369.1206 347.3111 325.9601 305.1639 285.0439 265.7536 247.4874 230.4886 215.0581 201.5564 190.3943 180.2776 167.7051 152.0691 127.4755 103.0776 79.05694 55.9017 35.35534 25 0 0 25 50 75 100 125 150 175 200 200 201.5564 206.1553 213.6001 223.6068 235.8495 250 265.7536 282.8427 301.0399 304.1381 309.2329 316.2278 325 335.4102 347.3111 357.9455 369.1206 381.6084 395.2847 410.0305 425.7346 442.2951 459.6194 477.6243 496.2358 515.3882 535.0234 555.0901 575.5432 596.343 617.4545 637.3774 656.2202 675.4628 695.072 715.0175 735.272 755.8109 
632.4555 608.7898 585.235 561.8051 538.5165 515.3882 492.4429 469.7074 447.2136 425 403.1129 381.6084 360.5551 340.0368 320.1562 301.0399 282.8427 265.7536 250 235.8495 223.6068 213.6001 201.5564 182.0027 158.1139 134.6291 111.8034 90.13878 70.71068 55.9017 35.35534 25 0 25 50 75 100 125 150 175 175 175 176.7767 182.0027 190.3943 201.5564 215.0581 230.4886 247.4874 265.7536 276.134 279.5085 285.0439 292.6175 302.0761 313.2491 325 335.4102 347.3111 360.5551 375 390.5125 406.9705 424.2641 442.2951 460.9772 480.2343 500 520.2163 540.8327 561.8051 583.0952 602.0797 620.9871 640.3124 660.0189 680.0735 700.4463 721.1102 742.0411 
640.8003 617.4545 594.2432 571.183 548.2928 525.5949 503.1153 480.8846 458.939 437.3214 416.0829 395.2847 375 355.3168 336.3406 318.1981 301.0399 285.0439 270.4164 257.3907 246.2215 235.8495 213.6001 190.3943 167.7051 145.7738 125 106.066 90.13878 70.71068 50 25 0 25 50 75 100 125 150 152.0691 150 150 152.0691 158.1139 167.7051 180.2776 195.2562 212.132 230.4886 250 251.2469 254.951 261.0077 269.2582 279.5085 291.5476 302.0761 313.2491 325.9601 340.0368 355.3168 371.6517 388.9087 406.9705 425.7346 445.1123 465.0269 485.4122 506.2114 527.3755 548.2928 566.7892 585.7687 605.1859 625 645.1744 665.6763 686.4765 707.1068 725 
650 626.9968 604.1523 581.4852 559.017 536.7728 514.7815 493.0771 471.6991 450.6939 430.1163 410.0305 390.5125 371.6517 353.5534 336.3406 320.1562 305.1639 291.5476 279.5085 269.2582 246.2215 223.6068 201.5564 180.2776 160.0781 141.4214 125 100 75 50 25 0 25 50 75 100 125 134.6291 127.4755 125 125 127.4755 134.6291 145.7738 160.0781 176.7767 195.2562 215.0581 225 226.3846 230.4886 237.1708 246.2215 257.3907 269.2582 279.5085 291.5476 305.1639 320.1562 336.3406 353.5534 371.6517 390.5125 410.0305 430.1163 450.6939 471.6991 493.0771 512.9571 531.5073 550.5679 570.0877 590.0212 610.3278 630.9715 651.9202 671.7515 689.6557 707.9901 
660.0189 637.3774 614.9187 592.6635 570.6356 548.8625 527.3755 506.2114 485.4122 465.0269 445.1123 425.7346 406.9705 388.9087 371.6517 355.3168 340.0368 325.9601 313.2491 302.0761 279.5085 257.3907 235.8495 215.0581 195.2562 175 150 125 100 75 50 25 0 25 50 70.71068 90.13878 106.066 111.8034 103.0776 100 100 103.0776 111.8034 125 141.4214 160.0781 180.2776 200 200 201.5564 206.1553 213.6001 223.6068 235.8495 246.2215 257.3907 270.4164 285.0439 301.0399 318.1981 336.3406 355.3168 375 395.2847 416.0829 437.3214 458.939 477.6243 496.2358 515.3882 535.0234 555.0901 575.5432 596.343 617.4545 636.3961 654.3126 672.6812 691.4658 
670.8204 648.5561 626.4982 604.6693 583.0952 561.8051 540.8327 520.2163 500 480.2343 460.9772 442.2951 424.2641 406.9705 390.5125 375 360.5551 347.3111 335.4102 313.2491 291.5476 270.4164 250 225 200 175 150 125 100 75 50 25 0 25 35.35534 55.9017 70.71068 90.13878 90.13878 79.05694 75 75 79.05694 90.13878 106.066 125 145.7738 167.7051 175 175 176.7767 182.0027 190.3943 201.5564 213.6001 223.6068 235.8495 250 265.7536 282.8427 301.0399 320.1562 340.0368 360.5551 381.6084 403.1129 424.2641 442.2951 460.9772 480.2343 500 520.2163 540.8327 561.8051 583.0952 601.0408 618.9709 637.3774 656.2202 675.4628 
682.3672 660.4922 638.8466 617.4545 596.343 575.5432 555.0901 535.0234 515.3882 496.2358 477.6243 459.6194 442.2951 425.7346 410.0305 395.2847 381.6084 369.1206 347.3111 325 300 275 250 225 200 175 150 125 100 75 50 25 0 0 25 35.35534 55.9017 70.71068 70.71068 55.9017 50 50 55.9017 70.71068 90.13878 111.8034 134.6291 150 150 150 152.0691 158.1139 167.7051 180.2776 190.3943 201.5564 215.0581 230.4886 247.4874 265.7536 285.0439 305.1639 325.9601 347.3111 369.1206 388.9087 406.9705 425.7346 445.1123 465.0269 485.4122 506.2114 527.3755 548.2928 565.6854 583.6309 602.0797 620.9871 640.3124 660.0189 
694.6222 673.1456 651.9202 630.9715 610.3278 590.0212 570.0877 550.5679 531.5073 512.9571 494.9748 477.6243 460.9772 445.1123 430.1163 416.0829 400.7805 375.8324 350.8917 325.9601 301.0399 276.134 251.2469 226.3846 201.5564 176.7767 152.0691 127.4755 103.0776 79.05694 55.9017 35.35534 25 0 0 25 35.35534 55.9017 50 35.35534 25 25 35.35534 55.9017 79.05694 103.0776 125 125 125 125 127.4755 134.6291 145.7738 158.1139 167.7051 180.2776 195.2562 212.132 230.4886 250 270.4164 291.5476 313.2491 335.4102 353.5534 371.6517 390.5125 410.0305 430.1163 450.6939 471.6991 493.0771 512.9571 530.3301 548.2928 566.7892 585.7687 605.1859 625 645.1744 
707.5486 686.4765 665.6763 645.1744 625 605.1859 585.7687 566.7892 548.2928 530.3301 512.9571 496.2358 480.2343 465.0269 450.6939 427.9311 403.1129 378.3186 353.5534 328.8237 304.1381 279.5085 254.951 230.4886 206.1553 182.0027 158.1139 134.6291 111.8034 90.13878 70.71068 55.9017 35.35534 25 0 0 25 35.35534 25 25 0 0 25 50 75 90.13878 103.0776 100 100 100 103.0776 111.8034 125 134.6291 145.7738 160.0781 176.7767 195.2562 215.0581 235.8495 257.3907 279.5085 301.0399 318.1981 336.3406 355.3168 375 395.2847 416.0829 437.3214 458.939 477.6243 494.9748 512.9571 531.5073 550.5679 570.0877 590.0212 610.3278 630.9715 
721.1102 700.4463 680.0735 660.0189 640.3124 620.9871 602.0797 583.6309 565.6854 548.2928 531.5073 515.3882 500 480.8846 456.2072 431.5669 406.9705 382.4265 357.9455 333.5416 309.2329 285.0439 261.0077 237.1708 213.6001 190.3943 167.7051 145.7738 125 106.066 90.13878 70.71068 55.9017 35.35534 25 0 0 25 0 0 0 0 25 50 55.9017 70.71068 79.05694 75 75 75 79.05694 90.13878 103.0776 111.8034 125 141.4214 160.0781 180.2776 201.5564 223.6068 246.2215 265.7536 282.8427 301.0399 320.1562 340.0368 360.5551 381.6084 403.1129 424.2641 442.2951 459.6194 477.6243 496.2358 515.3882 535.0234 555.0901 575.5432 596.343 617.4545 
735.272 715.0175 695.072 675.4628 656.2202 637.3774 618.9709 601.0408 583.6309 566.7892 550.5679 534.439 509.9019 485.4122 460.9772 436.6062 412.3106 388.1044 364.0055 340.0368 316.2278 292.6175 269.2582 246.2215 223.6068 201.5564 180.2776 160.0781 141.4214 125 106.066 90.13878 70.71068 55.9017 35.35534 25 0 0 0 25 25 0 25 25 35.35534 55.9017 55.9017 50 50 50 55.9017 70.71068 79.05694 90.13878 106.066 125 145.7738 167.7051 190.3943 212.132 230.4886 247.4874 265.7536 285.0439 305.1639 325.9601 347.3111 369.1206 388.9087 406.9705 424.2641 442.2951 460.9772 480.2343 500 520.2163 540.8327 561.8051 583.0952 602.0797 
750 730.1541 710.6335 691.4658 672.6812 654.3126 636.3961 618.9709 602.0797 585.7687 564.0257 539.6758 515.3882 491.1721 467.0385 443.0011 419.0764 395.2847 371.6517 348.2097 325 302.0761 279.5085 257.3907 235.8495 215.0581 195.2562 176.7767 160.0781 141.4214 125 106.066 90.13878 70.71068 55.9017 35.35534 25 25 25 25 0 0 0 0 25 50 35.35534 25 25 25 35.35534 50 55.9017 70.71068 90.13878 111.8034 134.6291 158.1139 176.7767 195.2562 212.132 230.4886 250 270.4164 291.5476 313.2491 335.4102 353.5534 371.6517 388.9087 406.9705 425.7346 445.1123 465.0269 485.4122 506.2114 527.3755 548.2928 566.7892 585.7687 
765.2614 745.8217 726.7221 707.9901 689.6557 671.7515 654.3126 637.3774 618.4658 594.2432 570.0877 546.0082 522.0153 498.1215 474.3416 450.6939 427.2002 403.8874 380.7887 357.9455 335.4102 313.2491 291.5476 270.4164 250 230.4886 212.132 195.2562 176.7767 160.0781 141.4214 125 106.066 90.13878 70.71068 55.9017 50 50 50 25 0 0 25 0 25 35.35534 25 0 0 0 25 25 35.35534 55.9017 79.05694 103.0776 125 141.4214 160.0781 176.7767 195.2562 215.0581 235.8495 257.3907 279.5085 301.0399 318.1981 336.3406 353.5534 371.6517 390.5125 410.0305 430.1163 450.6939 471.6991 493.0771 512.9571 531.5073 550.5679 570.0877 
781.025 761.9875 743.3035 725 707.1068 689.6557 672.6812 649.0377 625 601.0408 577.1698 553.3986 529.7405 506.2114 482.8302 459.6194 436.6062 413.8236 391.3119 369.1206 347.3111 325.9601 305.1639 285.0439 265.7536 247.4874 230.4886 212.132 195.2562 176.7767 160.0781 141.4214 125 106.066 90.13878 79.05694 75 75 50 25 0 0 25 0 25 25 0 0 25 0 0 0 25 50 70.71068 90.13878 106.066 125 141.4214 160.0781 180.2776 201.5564 223.6068 246.2215 265.7536 282.8427 301.0399 318.1981 336.3406 355.3168 375 395.2847 416.0829 437.3214 458.939 477.6243 496.2358 515.3882 535.0234 555.0901 
797.2609 778.6206 760.3453 742.4621 725 704.0064 680.0735 656.2202 632.4555 608.7898 585.235 561.8051 538.5165 515.3882 492.4429 469.7074 447.2136 425 403.1129 381.6084 360.5551 340.0368 320.1562 301.0399 282.8427 265.7536 247.4874 230.4886 212.132 195.2562 176.7767 160.0781 141.4214 125 111.8034 103.0776 100 75 50 25 0 0 0 0 25 25 0 25 35.35534 25 25 0 25 35.35534 55.9017 70.71068 90.13878 106.066 125 145.7738 167.7051 190.3943 213.6001 230.4886 247.4874 265.7536 282.8427 301.0399 320.1562 340.0368 360.5551 381.6084 403.1129 424.2641 442.2951 460.9772 480.2343 500 520.2163 540.8327 
813.941 795.6915 777.8174 759.1113 735.272 711.5125 687.8408 664.2665 640.8003 617.4545 594.2432 571.183 548.2928 525.5949 503.1153 480.8846 458.939 437.3214 416.0829 395.2847 375 355.3168 336.3406 318.1981 301.0399 282.8427 265.7536 247.4874 230.4886 212.132 195.2562 176.7767 160.0781 145.7738 134.6291 127.4755 103.0776 79.05694 55.9017 35.35534 25 25 0 25 25 25 0 25 50 50 25 0 0 25 35.35534 55.9017 70.71068 90.13878 111.8034 134.6291 158.1139 180.2776 195.2562 212.132 230.4886 247.4874 265.7536 285.0439 305.1639 325.9601 347.3111 369.1206 388.9087 406.9705 425.7346 445.1123 465.0269 485.4122 506.2114 527.3755 
831.0385 813.1728 790.5694 766.8931 743.3035 719.809 696.4194 673.1456 650 626.9968 604.1523 581.4852 559.017 536.7728 514.7815 493.0771 471.6991 450.6939 430.1163 410.0305 390.5125 371.6517 353.5534 336.3406 318.1981 301.0399 282.8427 265.7536 247.4874 230.4886 212.132 195.2562 180.2776 167.7051 158.1139 134.6291 111.8034 90.13878 70.71068 55.9017 50 25 0 25 0 0 0 25 50 55.9017 35.35534 25 0 0 25 35.35534 55.9017 79.05694 103.0776 125 145.7738 160.0781 176.7767 195.2562 212.132 230.4886 250 270.4164 291.5476 313.2491 335.4102 353.5534 371.6517 390.5125 410.0305 430.1163 450.6939 471.6991 493.0771 512.9571 
845.9462 822.3442 798.8273 775.4031 752.0804 728.869 705.7797 682.825 660.0189 637.3774 614.9187 592.6635 570.6356 548.8625 527.3755 506.2114 485.4122 465.0269 445.1123 425.7346 406.9705 388.9087 371.6517 353.5534 336.3406 318.1981 301.0399 282.8427 265.7536 247.4874 230.4886 215.0581 201.5564 190.3943 167.7051 145.7738 125 106.066 90.13878 75 50 25 0 0 0 25 25 35.35534 55.9017 70.71068 55.9017 35.35534 25 0 0 25 50 70.71068 90.13878 111.8034 125 141.4214 160.0781 176.7767 195.2562 215.0581 235.8495 257.3907 279.5085 301.0399 318.1981 336.3406 355.3168 375 395.2847 416.0829 437.3214 458.939 477.6243 496.2358 
854.4004 831.0385 807.7747 784.6177 761.5773 738.6643 715.8911 693.2712 670.8204 648.5561 626.4982 604.6693 583.0952 561.8051 540.8327 520.2163 500 480.2343 460.9772 442.2951 424.2641 406.9705 388.9087 371.6517 353.5534 336.3406 318.1981 301.0399 282.8427 265.7536 250 235.8495 223.6068 201.5564 180.2776 160.0781 141.4214 125 103.0776 79.05694 55.9017 35.35534 25 25 25 35.35534 50 55.9017 70.71068 90.13878 70.71068 55.9017 35.35534 25 0 25 35.35534 55.9017 79.05694 90.13878 106.066 125 141.4214 160.0781 180.2776 201.5564 223.6068 246.2215 265.7536 282.8427 301.0399 320.1562 340.0368 360.5551 381.6084 403.1129 424.2641 442.2951 460.9772 480.2343 
863.4958 840.3868 817.3892 794.5125 771.7675 749.1662 726.7221 704.4501 682.3672 660.4922 638.8466 617.4545 596.343 575.5432 555.0901 535.0234 515.3882 496.2358 477.6243 459.6194 442.2951 424.2641 406.9705 388.9087 371.6517 353.5534 336.3406 318.1981 301.0399 285.0439 270.4164 257.3907 235.8495 215.0581 195.2562 176.7767 158.1139 134.6291 111.8034 90.13878 70.71068 55.9017 50 50 50 55.9017 70.71068 79.05694 90.13878 106.066 90.13878 70.71068 50 25 0 0 25 50 55.9017 70.71068 90.13878 106.066 125 145.7738 167.7051 190.3943 212.132 230.4886 247.4874 265.7536 285.0439 305.1639 325.9601 347.3111 369.1206 388.9087 406.9705 425.7346 445.1123 465.0269 
873.2125 850.3676 827.6473 805.0621 782.6238 760.3453 738.2411 716.3275 694.6222 673.1456 651.9202 630.9715 610.3278 590.0212 570.0877 550.5679 531.5073 512.9571 494.9748 477.6243 459.6194 442.2951 424.2641 406.9705 388.9087 371.6517 353.5534 336.3406 320.1562 305.1639 291.5476 270.4164 250 230.4886 212.132 190.3943 167.7051 145.7738 125 106.066 90.13878 79.05694 75 75 75 79.05694 90.13878 103.0776 111.8034 125 103.0776 79.05694 55.9017 35.35534 25 0 25 25 35.35534 55.9017 70.71068 90.13878 111.8034 134.6291 158.1139 176.7767 195.2562 212.132 230.4886 250 270.4164 291.5476 313.2491 335.4102 353.5534 371.6517 390.5125 410.0305 430.1163 450.6939 
883.5298 860.9587 838.5255 816.2414 794.119 772.1722 750.4166 728.869 707.5486 686.4765 665.6763 645.1744 625 605.1859 585.7687 566.7892 548.2928 530.3301 512.9571 494.9748 477.6243 459.6194 442.2951 424.2641 406.9705 388.9087 371.6517 355.3168 340.0368 325.9601 305.1639 285.0439 265.7536 246.2215 223.6068 201.5564 180.2776 160.0781 141.4214 125 111.8034 103.0776 100 100 100 103.0776 111.8034 125 134.6291 134.6291 111.8034 90.13878 70.71068 50 25 0 0 0 25 35.35534 55.9017 79.05694 103.0776 125 141.4214 160.0781 176.7767 195.2562 215.0581 235.8495 257.3907 279.5085 301.0399 318.1981 336.3406 355.3168 375 395.2847 416.0829 437.3214 
894.4272 872.1382 850 828.0248 806.2258 784.6177 763.2169 742.0411 721.1102 700.4463 680.0735 660.0189 640.3124 620.9871 602.0797 583.6309 565.6854 548.2928 530.3301 512.9571 494.9748 477.6243 459.6194 442.2951 424.2641 406.9705 390.5125 375 360.5551 340.0368 320.1562 301.0399 279.5085 257.3907 235.8495 215.0581 195.2562 176.7767 160.0781 145.7738 134.6291 127.4755 125 125 125 127.4755 134.6291 145.7738 158.1139 145.7738 125 103.0776 79.05694 55.9017 35.35534 25 25 0 0 25 50 70.71068 90.13878 106.066 125 141.4214 160.0781 180.2776 201.5564 223.6068 246.2215 265.7536 282.8427 301.0399 320.1562 340.0368 360.5551 381.6084 403.1129 425 
905.8835 883.8835 862.047 840.3868 818.917 797.6528 776.6112 755.8109 735.272 715.0175 695.072 675.4628 656.2202 637.3774 618.9709 601.0408 583.6309 565.6854 548.2928 530.3301 512.9571 494.9748 477.6243 459.6194 442.2951 425.7346 410.0305 395.2847 375 355.3168 335.4102 313.2491 291.5476 270.4164 250 230.4886 212.132 195.2562 180.2776 167.7051 158.1139 152.0691 150 150 150 152.0691 158.1139 167.7051 180.2776 158.1139 134.6291 111.8034 90.13878 70.71068 55.9017 50 35.35534 25 0 25 35.35534 55.9017 70.71068 90.13878 106.066 125 145.7738 167.7051 190.3943 212.132 230.4886 247.4874 265.7536 285.0439 305.1639 325.9601 347.3111 369.1206 390.5125 410.0305 
917.878 896.1724 874.6428 853.3024 832.1658 811.249 790.5694 770.1461 750 730.1541 710.6335 691.4658 672.6812 654.3126 636.3961 618.9709 601.0408 583.6309 565.6854 548.2928 530.3301 512.9571 494.9748 477.6243 460.9772 445.1123 430.1163 410.0305 390.5125 369.1206 347.3111 325.9601 305.1639 285.0439 265.7536 247.4874 230.4886 215.0581 201.5564 190.3943 182.0027 176.7767 175 175 175 176.7767 182.0027 190.3943 190.3943 167.7051 145.7738 125 106.066 90.13878 79.05694 55.9017 35.35534 25 0 0 25 35.35534 55.9017 70.71068 90.13878 111.8034 134.6291 158.1139 176.7767 195.2562 212.132 230.4886 250 270.4164 291.5476 313.2491 335.4102 355.3168 375 395.2847 
930.3897 908.983 887.764 866.7468 845.9462 825.3787 805.0621 785.0159 765.2614 745.8217 726.7221 707.9901 689.6557 671.7515 654.3126 636.3961 618.9709 601.0408 583.6309 565.6854 548.2928 530.3301 512.9571 496.2358 480.2343 465.0269 445.1123 425 403.1129 381.6084 360.5551 340.0368 320.1562 301.0399 282.8427 265.7536 250 235.8495 223.6068 213.6001 206.1553 201.5564 200 200 200 201.5564 206.1553 213.6001 201.5564 180.2776 160.0781 141.4214 125 100 75 50 25 0 0 0 0 25 35.35534 55.9017 79.05694 103.0776 125 141.4214 160.0781 176.7767 195.2562 215.0581 235.8495 257.3907 279.5085 301.0399 320.1562 340.0368 360.5551 381.6084 
943.3981 922.2933 901.3878 880.6957 860.2325 840.0149 820.061 800.3905 781.025 761.9875 743.3035 725 707.1068 689.6557 671.7515 654.3126 636.3961 618.9709 601.0408 583.6309 565.6854 548.2928 531.5073 515.3882 500 480.2343 458.939 437.3214 416.0829 395.2847 375 355.3168 336.3406 318.1981 301.0399 285.0439 270.4164 257.3907 246.2215 237.1708 230.4886 226.3846 225 225 225 226.3846 230.4886 230.4886 206.1553 182.0027 158.1139 134.6291 111.8034 90.13878 70.71068 50 25 0 25 25 0 0 25 50 70.71068 90.13878 106.066 125 141.4214 160.0781 180.2776 201.5564 223.6068 246.2215 265.7536 285.0439 305.1639 325.9601 347.3111 369.1206 
956.8829 936.0823 915.4917 895.1257 875 855.1316 835.5388 816.2414 797.2609 778.6206 760.3453 742.4621 725 707.1068 689.6557 671.7515 654.3126 636.3961 618.9709 601.0408 583.6309 566.7892 550.5679 535.0234 514.7815 493.0771 471.6991 450.6939 430.1163 410.0305 390.5125 371.6517 353.5534 336.3406 320.1562 305.1639 291.5476 279.5085 269.2582 261.0077 254.951 251.2469 250 250 250 251.2469 251.2469 226.3846 201.5564 176.7767 152.0691 127.4755 103.0776 79.05694 55.9017 35.35534 25 0 25 35.35534 25 0 25 35.35534 55.9017 70.71068 90.13878 106.066 125 145.7738 167.7051 190.3943 212.132 230.4886 250 270.4164 291.5476 313.2491 335.4102 357.9455 
970.8244 950.3289 930.0538 910.0137 890.2247 870.7037 851.4693 832.5413 813.941 795.6915 777.8174 760.3453 742.4621 725 707.1068 689.6557 671.7515 654.3126 636.3961 618.9709 602.0797 585.7687 570.0877 548.8625 527.3755 506.2114 485.4122 465.0269 445.1123 425.7346 406.9705 388.9087 371.6517 355.3168 340.0368 325.9601 313.2491 302.0761 292.6175 285.0439 279.5085 276.134 275 275 275 275 250 225 200 175 150 125 100 75 50 25 0 0 25 50 25 0 0 25 35.35534 55.9017 70.71068 90.13878 111.8034 134.6291 158.1139 176.7767 195.2562 215.0581 235.8495 257.3907 279.5085 302.0761 325 348.2097 
985.203 965.0129 945.0529 925.3378 905.8835 886.7074 867.8278 849.2644 831.0385 813.1728 795.6915 777.8174 760.3453 742.4621 725 707.1068 689.6557 671.7515 654.3126 637.3774 620.9871 604.6693 583.0952 561.8051 540.8327 520.2163 500 480.2343 460.9772 442.2951 424.2641 406.9705 390.5125 375 360.5551 347.3111 335.4102 325 316.2278 309.2329 304.1381 301.0399 300 300 300 276.134 251.2469 226.3846 201.5564 176.7767 152.0691 127.4755 103.0776 79.05694 55.9017 35.35534 25 25 35.35534 55.9017 35.35534 25 0 0 25 35.35534 55.9017 79.05694 103.0776 125 141.4214 160.0781 180.2776 201.5564 223.6068 246.2215 269.2582 292.6175 316.2278 340.0368 
1000 980.1148 960.4686 941.0765 921.9545 903.1196 884.5903 866.3862 848.5281 831.0385 813.1728 795.6915 777.8174 760.3453 742.4621 725 707.1068 689.6557 672.6812 656.2202 638.8466 617.4545 596.343 575.5432 555.0901 535.0234 515.3882 496.2358 477.6243 459.6194 442.2951 425.7346 410.0305 395.2847 381.6084 369.1206 357.9455 348.2097 340.0368 333.5416 328.8237 325.9601 325 325 304.1381 279.5085 254.951 230.4886 206.1553 182.0027 158.1139 134.6291 111.8034 90.13878 70.71068 55.9017 50 50 55.9017 70.71068 55.9017 35.35534 25 0 0 25 50 70.71068 90.13878 106.066 125 145.7738 167.7051 190.3943 213.6001 237.1708 261.0077 285.0439 309.2329 333.5416 
1015.197 995.6154 976.2812 957.2095 938.4162 919.9185 901.7344 883.8835 866.3862 848.5281 831.0385 813.1728 795.6915 777.8174 760.3453 742.4621 725 707.9901 691.4658 673.1456 651.9202 630.9715 610.3278 590.0212 570.0877 550.5679 531.5073 512.9571 494.9748 477.6243 460.9772 445.1123 430.1163 416.0829 403.1129 391.3119 380.7887 371.6517 364.0055 357.9455 353.5534 350.8917 350 333.5416 309.2329 285.0439 261.0077 237.1708 213.6001 190.3943 167.7051 145.7738 125 106.066 90.13878 79.05694 75 75 79.05694 90.13878 70.71068 55.9017 35.35534 25 0 25 35.35534 55.9017 70.71068 90.13878 111.8034 134.6291 158.1139 182.0027 206.1553 230.4886 254.951 279.5085 304.1381 328.8237 
1030.776 1011.496 992.4717 973.7171 955.2487 937.0833 919.2388 901.7344 883.8835 866.3862 848.5281 831.0385 813.1728 795.6915 777.8174 760.3453 743.3035 726.7221 707.5486 686.4765 665.6763 645.1744 625 605.1859 585.7687 566.7892 548.2928 530.3301 512.9571 496.2358 480.2343 465.0269 450.6939 437.3214 425 413.8236 403.8874 395.2847 388.1044 382.4265 378.3186 375.8324 364.0055 340.0368 316.2278 292.6175 269.2582 246.2215 223.6068 201.5564 180.2776 160.0781 141.4214 125 111.8034 103.0776 100 100 103.0776 106.066 90.13878 70.71068 50 25 0 0 25 35.35534 55.9017 79.05694 103.0776 127.4755 152.0691 176.7767 201.5564 226.3846 251.2469 276.134 301.0399 325.9601 
1046.721 1027.74 1009.022 990.5806 972.4325 954.5942 937.0833 919.2388 901.7344 883.8835 866.3862 848.5281 831.0385 813.1728 795.6915 778.6206 761.9875 742.0411 721.1102 700.4463 680.0735 660.0189 640.3124 620.9871 602.0797 583.6309 565.6854 548.2928 531.5073 515.3882 500 485.4122 471.6991 458.939 447.2136 436.6062 427.2002 419.0764 412.3106 406.9705 403.1129 395.2847 371.6517 348.2097 325 302.0761 279.5085 257.3907 235.8495 215.0581 195.2562 176.7767 160.0781 145.7738 134.6291 127.4755 125 125 127.4755 125 103.0776 79.05694 55.9017 35.35534 25 0 0 25 50 75 100 125 150 175 200 225 250 275 300 325 
